1.56031250000000004e+01 3.96909478338258570e-01 2.98993600003988058e+03 2.99033290951821891e+03 -1.98440170753914344e+03 1.48532784432264142e+00
1.56062500000000011e+01 3.97022371447602884e-01 2.98993588716090562e+03 2.99033290953235337e+03 -1.98440170753914344e+03 1.48532784432264120e+00
1.56093750000000018e+01 3.97131041775188154e-01 2.98993577850498423e+03 2.99033290954675931e+03 -1.98440170753914299e+03 1.48532784432264164e+00
1.56125000000000025e+01 3.97235315909141518e-01 2.98993567424514822e+03 2.99033290956105748e+03 -1.98440170753914322e+03 1.48532784432264142e+00
1.56156250000000032e+01 3.97335021802797950e-01 2.98993557455304472e+03 2.99033290957484769e+03 -1.98440170753914299e+03 1.48532784432264098e+00
1.56187500000000039e+01 3.97429993559652361e-01 2.98993547959414991e+03 2.99033290958770976e+03 -1.98440170753914322e+03 1.48532784432264164e+00
1.56218750000000046e+01 3.97520076502658082e-01 2.98993538952268818e+03 2.99033290959919077e+03 -1.98440170753914344e+03 1.48532784432264187e+00
1.56250000000000053e+01 3.97605132615840462e-01 2.98993530447618423e+03 2.99033290960880004e+03 -1.98440170753914367e+03 1.48532784432264142e+00
1.56281250000000060e+01 3.97685046413272625e-01 2.98993522456960181e+03 2.99033290961601506e+03 -1.98440170753914413e+03 1.48532784432264187e+00
1.56312500000000068e+01 3.97759731210340306e-01 2.98993514988907828e+03 2.99033290962028877e+03 -1.98440170753914413e+03 1.48532784432264164e+00
1.56343750000000075e+01 3.97829135655190680e-01 2.98993508048541889e+03 2.99033290962107412e+03 -1.98440170753914435e+03 1.48532784432264120e+00
1.56375000000000082e+01 3.97893250242972507e-01 2.98993501636761675e+03 2.99033290961785951e+03 -1.98440170753914435e+03 1.48532784432264187e+00
1.56406250000000089e+01 3.97952113406241814e-01 2.98993495749680460e+03 2.99033290961021066e+03 -1.98440170753914390e+03 1.48532784432264120e+00
1.56437500000000096e+01 3.98005816678041080e-01 2.98993490378113620e+03 2.99033290959781425e+03 -1.98440170753914390e+03 1.48532784432264164e+00
1.56468750000000103e+01 3.98054508382691963e-01 2.98993485507214245e+03 2.99033290958052521e+03 -1.98440170753914413e+03 1.48532784432264187e+00
1.56500000000000110e+01 3.98098395340207467e-01 2.98993481116305884e+03 2.99033290955839902e+03 -1.98440170753914344e+03 1.48532784432264164e+00
1.56531250000000117e+01 3.98137742179392184e-01 2.98993477178953071e+03 2.99033290953170990e+03 -1.98440170753914367e+03 1.48532784432264164e+00
1.56562500000000124e+01 3.98172868036302918e-01 2.98993473663291707e+03 2.99033290950095352e+03 -1.98440170753914299e+03 1.48532784432264164e+00
1.56593750000000131e+01 3.98204140650661453e-01 2.98993470532616720e+03 2.99033290946681791e+03 -1.98440170753914344e+03 1.48532784432264209e+00
1.56625000000000139e+01 3.98231968134387271e-01 2.98993467746201168e+03 2.99033290943014617e+03 -1.98440170753914344e+03 1.48532784432264253e+00
1.56656250000000146e+01 3.98256788938868345e-01 2.98993465260293169e+03 2.99033290939187054e+03 -1.98440170753914344e+03 1.48532784432264231e+00
1.56687500000000153e+01 3.98279060754655800e-01 2.98993463029218583e+03 2.99033290935294053e+03 -1.98440170753914390e+03 1.48532784432264187e+00
1.56718750000000160e+01 3.98299249207795247e-01 2.98993461006503912e+03 2.99033290931424699e+03 -1.98440170753914390e+03 1.48532784432264209e+00
1.56750000000000167e+01 3.98317817249517592e-01 2.98993459145930319e+03 2.99033290927655253e+03 -1.98440170753914435e+03 1.48532784432264275e+00
1.56781250000000174e+01 3.98335216063554598e-01 2.98993457402437480e+03 2.99033290924043831e+03 -1.98440170753914435e+03 1.48532784432264231e+00
1.56812500000000181e+01 3.98351878146001259e-01 2.98993455732811981e+03 2.99033290920626587e+03 -1.98440170753914435e+03 1.48532784432264209e+00
1.56843750000000188e+01 3.98368212968837621e-01 2.98993454096119967e+03 2.99033290917416844e+03 -1.98440170753914435e+03 1.48532784432264164e+00
1.56875000000000195e+01 3.98384605352832932e-01 2.98993452453871441e+03 2.99033290914406734e+03 -1.98440170753914413e+03 1.48532784432264209e+00
1.56906250000000203e+01 3.98401416386063967e-01 2.98993450769931678e+03 2.99033290911570293e+03 -1.98440170753914413e+03 1.48532784432264209e+00
1.56937500000000210e+01 3.98418986466956060e-01 2.98993449010222139e+03 2.99033290908868821e+03 -1.98440170753914413e+03 1.48532784432264164e+00
1.56968750000000217e+01 3.98437639855038772e-01 2.98993447142271998e+03 2.99033290906257480e+03 -1.98440170753914344e+03 1.48532784432264231e+00
1.57000000000000224e+01 3.98457689997153475e-01 2.98993445134691319e+03 2.99033290903691022e+03 -1.98440170753914299e+03 1.48532784432264209e+00
1.57031250000000231e+01 3.98479444868355182e-01 2.98993442956643412e+03 2.99033290901130249e+03 -1.98440170753914322e+03 1.48532784432264164e+00
1.57062500000000238e+01 3.98503211619873288e-01 2.98993440577384763e+03 2.99033290898546738e+03 -1.98440170753914344e+03 1.48532784432264187e+00
1.57093750000000245e+01 3.98529299946842386e-01 2.98993437965931662e+03 2.99033290895926348e+03 -1.98440170753914299e+03 1.48532784432264187e+00
1.57125000000000252e+01 3.98558023755697877e-01 2.98993435090895582e+03 2.99033290893271169e+03 -1.98440170753914344e+03 1.48532784432264231e+00
1.57156250000000259e+01 3.98589700902000577e-01 2.98993431920509738e+03 2.99033290890599937e+03 -1.98440170753914299e+03 1.48532784432264120e+00
1.57187500000000266e+01 3.98624650961901417e-01 2.98993428422850457e+03 2.99033290887946669e+03 -1.98440170753914299e+03 1.48532784432264209e+00
1.57218750000000274e+01 3.98663191175158138e-01 2.98993424566240856e+03 2.99033290885358383e+03 -1.98440170753914322e+03 1.48532784432264209e+00
1.57250000000000281e+01 3.98705630839840064e-01 2.98993420319807865e+03 2.99033290882891833e+03 -1.98440170753914413e+03 1.48532784432264209e+00
1.57281250000000288e+01 3.98752264539496915e-01 2.98993415654156115e+03 2.99033290880610048e+03 -1.98440170753914435e+03 1.48532784432264209e+00
1.57312500000000295e+01 3.98803364638537883e-01 2.98993410542114361e+03 2.99033290878578237e+03 -1.98440170753914435e+03 1.48532784432264253e+00
1.57343750000000302e+01 3.98859173492603136e-01 2.98993404959511145e+03 2.99033290876860383e+03 -1.98440170753914435e+03 1.48532784432264187e+00
1.57375000000000309e+01 3.98919895793673929e-01 2.98993398885937131e+03 2.99033290875516514e+03 -1.98440170753914481e+03 1.48532784432264164e+00
1.57406250000000316e+01 3.98985691414017962e-01 2.98993392305458428e+03 2.99033290874599834e+03 -1.98440170753914435e+03 1.48532784432264164e+00
1.57437500000000323e+01 3.99056669040570300e-01 2.98993385207250958e+03 2.99033290874155000e+03 -1.98440170753914435e+03 1.48532784432264209e+00
1.57468750000000330e+01 3.99132880814075275e-01 2.98993377586136057e+03 2.99033290874217482e+03 -1.98440170753914390e+03 1.48532784432264187e+00
1.57500000000000338e+01 3.99214318116610234e-01 2.98993369443000211e+03 2.99033290874811883e+03 -1.98440170753914344e+03 1.48532784432264231e+00
1.57531250000000345e+01 3.99300908595332071e-01 2.98993360785092909e+03 2.99033290875952434e+03 -1.98440170753914344e+03 1.48532784432264209e+00
1.57562500000000352e+01 3.99392514474308180e-01 2.98993351626194817e+03 2.99033290877642230e+03 -1.98440170753914344e+03 1.48532784432264209e+00
1.57593750000000359e+01 3.99488932190211865e-01 2.98993341986653968e+03 2.99033290879872993e+03 -1.98440170753914322e+03 1.48532784432264187e+00
1.57625000000000366e+01 3.99589893387077955e-01 2.98993331893286131e+03 2.99033290882624851e+03 -1.98440170753914344e+03 1.48532784432264164e+00
1.57656250000000373e+01 3.99695067311672814e-01 2.98993321379134613e+03 2.99033290885865790e+03 -1.98440170753914390e+03 1.48532784432264187e+00
1.57687500000000380e+01 3.99804064653790148e-01 2.98993310483086179e+03 2.99033290889551563e+03 -1.98440170753914344e+03 1.48532784432264209e+00
1.57718750000000387e+01 3.99916442863414767e-01 2.98993299249339225e+03 2.99033290893625554e+03 -1.98440170753914390e+03 1.48532784432264187e+00
1.57750000000000394e+01 4.00031712940606465e-01 2.98993287726725384e+03 2.99033290898019459e+03 -1.98440170753914390e+03 1.48532784432264164e+00
1.57781250000000401e+01 4.00149347629448926e-01 2.98993275967891259e+03 2.99033290902654198e+03 -1.98440170753914413e+03 1.48532784432264164e+00
1.57812500000000409e+01 4.00268790856845080e-01 2.98993264028357225e+03 2.99033290907442915e+03 -1.98440170753914390e+03 1.48532784432264120e+00
1.57843750000000416e+01 4.00389468149390082e-01 2.98993251965478294e+03 2.99033290912293251e+03 -1.98440170753914390e+03 1.48532784432264142e+00
1.57875000000000423e+01 4.00510797652510742e-01 2.98993239837346573e+03 2.99033290917111844e+03 -1.98440170753914367e+03 1.48532784432264076e+00
1.57906250000000430e+01 4.00632201284452094e-01 2.98993227701680144e+03 2.99033290921808566e+03 -1.98440170753914344e+03 1.48532784432264209e+00
1.57937500000000437e+01 4.00753115502887447e-01 2.98993215614750625e+03 2.99033290926300924e+03 -1.98440170753914344e+03 1.48532784432264164e+00
1.57968750000000444e+01 4.00873001158354780e-01 2.98993203630402149e+03 2.99033290930517978e+03 -1.98440170753914367e+03 1.48532784432264053e+00
1.58000000000000451e+01 4.00991351963527309e-01 2.98993191799207398e+03 2.99033290934403749e+03 -1.98440170753914344e+03 1.48532784432264120e+00
1.58031250000000458e+01 4.01107701217002011e-01 2.98993180167796481e+03 2.99033290937918173e+03 -1.98440170753914299e+03 1.48532784432264164e+00
1.58062500000000465e+01 4.01221626571585888e-01 2.98993168778381323e+03 2.99033290941038467e+03 -1.98440170753914299e+03 1.48532784432264209e+00
1.58093750000000473e+01 4.01332752808685189e-01 2.98993157668476397e+03 2.99033290943757265e+03 -1.98440170753914254e+03 1.48532784432264142e+00
1.58125000000000480e+01 4.01440752747552532e-01 2.98993146870805776e+03 2.99033290946080524e+03 -1.98440170753914254e+03 1.48532784432264142e+00
1.58156250000000487e+01 4.01545346557629579e-01 2.98993136413368893e+03 2.99033290948024660e+03 -1.98440170753914276e+03 1.48532784432264120e+00
1.58187500000000494e+01 4.01646299836463938e-01 2.98993126319629255e+03 2.99033290949612910e+03 -1.98440170753914208e+03 1.48532784432264209e+00
1.58218750000000501e+01 4.01743420857089084e-01 2.98993116608786568e+03 2.99033290950872288e+03 -1.98440170753914163e+03 1.48532784432264187e+00
1.58250000000000508e+01 4.01836557378999815e-01 2.98993107296092330e+03 2.99033290951830213e+03 -1.98440170753914208e+03 1.48532784432264209e+00
1.58281250000000515e+01 4.01925593367188361e-01 2.98993098393176024e+03 2.99033290952512743e+03 -1.98440170753914299e+03 1.48532784432264253e+00
1.58312500000000522e+01 4.02010445890102819e-01 2.98993089908353704e+03 2.99033290952942707e+03 -1.98440170753914276e+03 1.48532784432264209e+00
1.58343750000000529e+01 4.02091062387493148e-01 2.98993081846900168e+03 2.99033290953138930e+03 -1.98440170753914322e+03 1.48532784432264164e+00
1.58375000000000536e+01 4.02167418427647416e-01 2.98993074211272642e+03 2.99033290953115420e+03 -1.98440170753914344e+03 1.48532784432264209e+00
1.58406250000000544e+01 4.02239516019487431e-01 2.98993067001279496e+03 2.99033290952881453e+03 -1.98440170753914322e+03 1.48532784432264164e+00
1.58437500000000551e+01 4.02307382511060907e-01 2.98993060214189973e+03 2.99033290952441075e+03 -1.98440170753914344e+03 1.48532784432264231e+00
1.58468750000000558e+01 4.02371070087980509e-01 2.98993053844784754e+03 2.99033290951793560e+03 -1.98440170753914322e+03 1.48532784432264209e+00
1.58500000000000565e+01 4.02430655875505583e-01 2.98993047885345413e+03 2.99033290950932951e+03 -1.98440170753914390e+03 1.48532784432264209e+00
1.58531250000000572e+01 4.02486242636448222e-01 2.98993042325585111e+03 2.99033290949848742e+03 -1.98440170753914344e+03 1.48532784432264187e+00
1.58562500000000579e+01 4.02537960035487752e-01 2.98993037152522584e+03 2.99033290948526110e+03 -1.98440170753914344e+03 1.48532784432264209e+00
1.58593750000000586e+01 4.02585966403567808e-01 2.98993032350306657e+03 2.99033290946947000e+03 -1.98440170753914299e+03 1.48532784432264209e+00
1.58625000000000593e+01 4.02630450883382840e-01 2.98993027900003290e+03 2.99033290945091630e+03 -1.98440170753914344e+03 1.48532784432264187e+00
1.58656250000000600e+01 4.02671635772763270e-01 2.98993023779363375e+03 2.99033290942940630e+03 -1.98440170753914299e+03 1.48532784432264209e+00
1.58687500000000608e+01 4.02709778815625308e-01 2.98993019962596145e+03 2.99033290940477718e+03 -1.98440170753914299e+03 1.48532784432264164e+00
1.58718750000000615e+01 4.02745175131187960e-01 2.98993016420179174e+03 2.99033290937692300e+03 -1.98440170753914276e+03 1.48532784432264120e+00
1.58750000000000622e+01 4.02778158433048317e-01 2.98993013118739600e+03 2.99033290934582919e+03 -1.98440170753914299e+03 1.48532784432264187e+00
1.58781250000000629e+01 4.02809101180549245e-01 2.98993010021041619e+03 2.99033290931159672e+03 -1.98440170753914254e+03 1.48532784432264164e+00
1.58812500000000636e+01 4.02838413332279210e-01 2.98993007086113403e+03 2.99033290927446615e+03 -1.98440170753914299e+03 1.48532784432264253e+00
1.58843750000000643e+01 4.02866539436843529e-01 2.98993004269539551e+03 2.99033290923483219e+03 -1.98440170753914299e+03 1.48532784432264209e+00
1.58875000000000650e+01 4.02893953895642976e-01 2.98993001523935072e+03 2.99033290919324645e+03 -1.98440170753914322e+03 1.48532784432264209e+00
1.58906250000000657e+01 4.02921154357519185e-01 2.98992998799604993e+03 2.99033290915040743e+03 -1.98440170753914344e+03 1.48532784432264187e+00
1.58937500000000664e+01 4.02948653343961072e-01 2.98992996045380050e+03 2.99033290910714459e+03 -1.98440170753914344e+03 1.48532784432264142e+00
1.58968750000000671e+01 4.02976968343196518e-01 2.98992993209604037e+03 2.99033290906438378e+03 -1.98440170753914344e+03 1.48532784432264164e+00
1.59000000000000679e+01 4.03006610739405136e-01 2.98992990241237067e+03 2.99033290902311001e+03 -1.98440170753914344e+03 1.48532784432264164e+00
1.59031250000000686e+01 4.03038074049834716e-01 2.98992987091027044e+03 2.99033290898432006e+03 -1.98440170753914367e+03 1.48532784432264164e+00
1.59062500000000693e+01 4.03071822019976655e-01 2.98992983712695423e+03 2.99033290894897436e+03 -1.98440170753914390e+03 1.48532784432264187e+00
1.59093750000000700e+01 4.03108277170777907e-01 2.98992980064077256e+03 2.99033290891794331e+03 -1.98440170753914322e+03 1.48532784432264187e+00
1.59125000000000707e+01 4.03147810398087003e-01 2.98992976108156563e+03 2.99033290889196360e+03 -1.98440170753914344e+03 1.48532784432264209e+00
1.59156250000000714e+01 4.03190732190737366e-01 2.98992971813940312e+03 2.99033290887159365e+03 -1.98440170753914344e+03 1.48532784432264209e+00
1.59187500000000721e+01 4.03237285957315894e-01 2.98992967157122894e+03 2.99033290885718634e+03 -1.98440170753914299e+03 1.48532784432264209e+00
1.59218750000000728e+01 4.03287643831955089e-01 2.98992962120503398e+03 2.99033290884886583e+03 -1.98440170753914344e+03 1.48532784432264209e+00
1.59250000000000735e+01 4.03341905168723036e-01 2.98992956694136228e+03 2.99033290884653115e+03 -1.98440170753914299e+03 1.48532784432264253e+00
1.59281250000000743e+01 4.03400097740284014e-01 2.98992950875213000e+03 2.99033290884987036e+03 -1.98440170753914344e+03 1.48532784432264120e+00
1.59312500000000750e+01 4.03462181443846490e-01 2.98992944667695065e+03 2.99033290885839460e+03 -1.98440170753914344e+03 1.48532784432264142e+00
1.59343750000000757e+01 4.03528054107844980e-01 2.98992938081738021e+03 2.99033290887148814e+03 -1.98440170753914344e+03 1.48532784432264164e+00
1.59375000000000764e+01 4.03597558812741841e-01 2.98992931132965396e+03 2.99033290888846659e+03 -1.98440170753914390e+03 1.48532784432264120e+00
1.59406250000000771e+01 4.03670492016438287e-01 2.98992923841662741e+03 2.99033290890864373e+03 -1.98440170753914344e+03 1.48532784432264142e+00
1.59437500000000778e+01 4.03746611732047012e-01 2.98992916231965501e+03 2.99033290893138701e+03 -1.98440170753914344e+03 1.48532784432264142e+00
1.59468750000000785e+01 4.03825645056219318e-01 2.98992908331111084e+03 2.99033290895616710e+03 -1.98440170753914344e+03 1.48532784432264120e+00
1.59500000000000792e+01 4.03907294488754620e-01 2.98992900168809774e+03 2.99033290898258656e+03 -1.98440170753914344e+03 1.48532784432264164e+00
1.59531250000000799e+01 4.03991242701791653e-01 2.98992891776768283e+03 2.99033290901038481e+03 -1.98440170753914390e+03 1.48532784432264120e+00
1.59562500000000806e+01 4.04077155678074340e-01 2.98992883188374617e+03 2.99033290903942407e+03 -1.98440170753914390e+03 1.48532784432264164e+00
1.59593750000000814e+01 4.04164684402285090e-01 2.98992874438525359e+03 2.99033290906965567e+03 -1.98440170753914390e+03 1.48532784432264120e+00
1.59625000000000821e+01 4.04253465514220756e-01 2.98992865563555688e+03 2.99033290910107098e+03 -1.98440170753914367e+03 1.48532784432264164e+00
1.59656250000000828e+01 4.04343121480889134e-01 2.98992856601216818e+03 2.99033290913364908e+03 -1.98440170753914390e+03 1.48532784432264164e+00
1.59687500000000835e+01 4.04433260892547775e-01 2.98992847590642077e+03 2.99033290916731312e+03 -1.98440170753914344e+03 1.48532784432264120e+00
1.59718750000000842e+01 4.04523479428344324e-01 2.98992838572246819e+03 2.99033290920189665e+03 -1.98440170753914344e+03 1.48532784432264164e+00
1.59750000000000849e+01 4.04613361883039591e-01 2.98992829587524284e+03 2.99033290923712593e+03 -1.98440170753914299e+03 1.48532784432264120e+00
1.59781250000000856e+01 4.04702485424666580e-01 2.98992820678720818e+03 2.99033290927263306e+03 -1.98440170753914322e+03 1.48532784432264098e+00
1.59812500000000863e+01 4.04790424002638316e-01 2.98992811888397227e+03 2.99033290930797511e+03 -1.98440170753914322e+03 1.48532784432264120e+00
1.59843750000000870e+01 4.04876753588284011e-01 2.98992803258909589e+03 2.99033290934268416e+03 -1.98440170753914344e+03 1.48532784432264120e+00
1.59875000000000878e+01 4.04961057742852071e-01 2.98992794831857191e+03 2.99033290937631455e+03 -1.98440170753914390e+03 1.48532784432264120e+00
1.59906250000000885e+01 4.05042932899720209e-01 2.98992786647559888e+03 2.99033290940849838e+03 -1.98440170753914435e+03 1.48532784432264076e+00
1.59937500000000892e+01 4.05121992732607905e-01 2.98992778744625684e+03 2.99033290943898965e+03 -1.98440170753914481e+03 1.48532784432264076e+00
1.59968750000000899e+01 4.05197871060478276e-01 2.98992771159663926e+03 2.99033290946769966e+03 -1.98440170753914435e+03 1.48532784432264098e+00
1.60000000000000888e+01 4.05270222900237787e-01 2.98992763927180977e+03 2.99033290949470984e+03 -1.98440170753914526e+03 1.48532784432264098e+00
1.60031250000000895e+01 4.05338723498443299e-01 2.98992757079676721e+03 2.99033290952026573e+03 -1.98440170753914504e+03 1.48532784432264098e+00
1.60062500000000902e+01 4.05403065424773001e-01 2.98992750647932371e+03 2.99033290954474842e+03 -1.98440170753914481e+03 1.48532784432264120e+00
1.60093750000000909e+01 4.05462954062837833e-01 2.98992744661456254e+03 2.99033290956862538e+03 -1.98440170753914458e+03 1.48532784432264076e+00
1.60125000000000917e+01 4.05518102058363195e-01 2.98992739149033605e+03 2.99033290959239457e+03 -1.98440170753914458e+03 1.48532784432264076e+00
1.60156250000000924e+01 4.05568223454403631e-01 2.98992734139305321e+03 2.99033290961650755e+03 -1.98440170753914390e+03 1.48532784432264098e+00
1.60187500000000931e+01 4.05613028337278414e-01 2.98992729661296880e+03 2.99033290964130629e+03 -1.98440170753914390e+03 1.48532784432264098e+00
1.60218750000000938e+01 4.05652218821500876e-01 2.98992725744813470e+03 2.99033290966695631e+03 -1.98440170753914390e+03 1.48532784432264076e+00
1.60250000000000945e+01 4.05685487111876464e-01 2.98992722420629161e+03 2.99033290969340351e+03 -1.98440170753914390e+03 1.48532784432264098e+00
1.60281250000000952e+01 4.05712516201149009e-01 2.98992719720414243e+03 2.99033290972034365e+03 -1.98440170753914367e+03 1.48532784432264120e+00
1.60312500000000959e+01 4.05732983507419820e-01 2.98992717676371922e+03 2.99033290974722649e+03 -1.98440170753914390e+03 1.48532784432264120e+00
1.60343750000000966e+01 4.05746567452125340e-01 2.98992716320582804e+03 2.99033290977328033e+03 -1.98440170753914367e+03 1.48532784432264076e+00
1.60375000000000973e+01 4.05752956659554243e-01 2.98992715684090399e+03 2.99033290979756339e+03 -1.98440170753914390e+03 1.48532784432264098e+00
1.60406250000000981e+01 4.05751861159395766e-01 2.98992715795788081e+03 2.99033290981904020e+03 -1.98440170753914344e+03 1.48532784432264076e+00
1.60437500000000988e+01 4.05743024730852497e-01 2.98992716681193087e+03 2.99033290983666166e+03 -1.98440170753914390e+03 1.48532784432264120e+00
1.60468750000000995e+01 4.05726237370531428e-01 2.98992718361208881e+03 2.99033290984945916e+03 -1.98440170753914435e+03 1.48532784432264098e+00
1.60500000000001002e+01 4.05701346816598918e-01 2.98992720850981050e+03 2.99033290985662688e+03 -1.98440170753914390e+03 1.48532784432264142e+00
1.60531250000001009e+01 4.05668268124991349e-01 2.98992724158947067e+03 2.99033290985759550e+03 -1.98440170753914344e+03 1.48532784432264098e+00
1.60562500000001016e+01 4.05626990461628478e-01 2.98992728286161491e+03 2.99033290985207668e+03 -1.98440170753914299e+03 1.48532784432264076e+00
1.60593750000001023e+01 4.05577580526438553e-01 2.98992733225956272e+03 2.99033290984008909e+03 -1.98440170753914231e+03 1.48532784432264009e+00
1.60625000000001030e+01 4.05520182328992840e-01 2.98992738963962711e+03 2.99033290982195604e+03 -1.98440170753914254e+03 1.48532784432264053e+00
1.60656250000001037e+01 4.05455013355069172e-01 2.98992745478491815e+03 2.99033290979827325e+03 -1.98440170753914299e+03 1.48532784432263987e+00
1.60687500000001044e+01 4.05382357461491649e-01 2.98992752741240292e+03 2.99033290976986427e+03 -1.98440170753914299e+03 1.48532784432264053e+00
1.60718750000001052e+01 4.05302555080967575e-01 2.98992760718263253e+03 2.99033290973771363e+03 -1.98440170753914254e+03 1.48532784432264031e+00
1.60750000000001059e+01 4.05215991486197025e-01 2.98992769371141276e+03 2.99033290970289909e+03 -1.98440170753914276e+03 1.48532784432264031e+00
1.60781250000001066e+01 4.05123083941117568e-01 2.98992778658258067e+03 2.99033290966652157e+03 -1.98440170753914322e+03 1.48532784432263987e+00
1.60812500000001073e+01 4.05024268557070077e-01 2.98992788536108810e+03 2.99033290962964520e+03 -1.98440170753914322e+03 1.48532784432264031e+00
1.60843750000001080e+01 4.04919987584121788e-01 2.98992798960566324e+03 2.99033290959324722e+03 -1.98440170753914322e+03 1.48532784432264009e+00
1.60875000000001087e+01 4.04810677722918510e-01 2.98992809888046168e+03 2.99033290955818438e+03 -1.98440170753914322e+03 1.48532784432264009e+00
1.60906250000001094e+01 4.04696759865539102e-01 2.98992821276530776e+03 2.99033290952517336e+03 -1.98440170753914344e+03 1.48532784432264031e+00
1.60937500000001101e+01 4.04578630491908009e-01 2.98992833086429619e+03 2.99033290949478805e+03 -1.98440170753914344e+03 1.48532784432264053e+00
1.60968750000001108e+01 4.04456654785993630e-01 2.98992845281267546e+03 2.99033290946746138e+03 -1.98440170753914322e+03 1.48532784432264053e+00
1.61000000000001116e+01 4.04331161412548046e-01 2.98992857828208753e+03 2.99033290944350028e+03 -1.98440170753914299e+03 1.48532784432264076e+00
1.61031250000001123e+01 4.04202438822389931e-01 2.98992870698427396e+03 2.99033290942309623e+03 -1.98440170753914322e+03 1.48532784432263987e+00
1.61062500000001130e+01 4.04070732935413512e-01 2.98992883867340151e+03 2.99033290940633697e+03 -1.98440170753914344e+03 1.48532784432264076e+00
1.61093750000001137e+01 4.03936246080532080e-01 2.98992897314713082e+03 2.99033290939321114e+03 -1.98440170753914344e+03 1.48532784432264009e+00
1.61125000000001144e+01 4.03799137137909159e-01 2.98992911024646719e+03 2.99033290938360506e+03 -1.98440170753914390e+03 1.48532784432263987e+00
1.61156250000001151e+01 4.03659522912920399e-01 2.98992924985438094e+03 2.99033290937729407e+03 -1.98440170753914344e+03 1.48532784432264031e+00
1.61187500000001158e+01 4.03517480851458832e-01 2.98992939189307617e+03 2.99033290937392758e+03 -1.98440170753914390e+03 1.48532784432264031e+00
1.61218750000001165e+01 4.03373053260374592e-01 2.98992953631975433e+03 2.99033290937301490e+03 -1.98440170753914390e+03 1.48532784432264098e+00
1.61250000000001172e+01 4.03226253205056118e-01 2.98992968312071025e+03 2.99033290937391530e+03 -1.98440170753914435e+03 1.48532784432264076e+00
1.61281250000001180e+01 4.03077072204477249e-01 2.98992983230363097e+03 2.99033290937583524e+03 -1.98440170753914435e+03 1.48532784432264009e+00
1.61312500000001187e+01 4.02925489727088582e-01 2.98992998388811793e+03 2.99033290937784523e+03 -1.98440170753914390e+03 1.48532784432264031e+00
1.61343750000001194e+01 4.02771484314244255e-01 2.98993013789459474e+03 2.99033290937890888e+03 -1.98440170753914390e+03 1.48532784432264098e+00
1.61375000000001201e+01 4.02615045938899185e-01 2.98993029433200081e+03 2.99033290937793981e+03 -1.98440170753914390e+03 1.48532784432264031e+00
1.61406250000001208e+01 4.02456188974148477e-01 2.98993045318489249e+03 2.99033290937386664e+03 -1.98440170753914344e+03 1.48532784432264053e+00
1.61437500000001215e+01 4.02294964934445831e-01 2.98993061440078600e+03 2.99033290936572030e+03 -1.98440170753914299e+03 1.48532784432264053e+00
1.61468750000001222e+01 4.02131474000319344e-01 2.98993077787872062e+03 2.99033290935272089e+03 -1.98440170753914367e+03 1.48532784432264076e+00
1.61500000000001229e+01 4.01965874279249236e-01 2.98993094346008093e+03 2.99033290933436001e+03 -1.98440170753914344e+03 1.48532784432264076e+00
1.61531250000001236e+01 4.01798387814914060e-01 2.98993111092265599e+03 2.99033290931047077e+03 -1.98440170753914344e+03 1.48532784432264031e+00
1.61562500000001243e+01 4.01629302542715338e-01 2.98993127997872580e+03 2.99033290928126871e+03 -1.98440170753914344e+03 1.48532784432264076e+00
1.61593750000001251e+01 4.01458969691016465e-01 2.98993145027767059e+03 2.99033290924736139e+03 -1.98440170753914367e+03 1.48532784432264076e+00
1.61625000000001258e+01 4.01287796516379691e-01 2.98993162141320636e+03 2.99033290920972286e+03 -1.98440170753914367e+03 1.48532784432264031e+00
1.61656250000001265e+01 4.01116234693823681e-01 2.98993179293493586e+03 2.99033290916962960e+03 -1.98440170753914344e+03 1.48532784432264031e+00
1.61687500000001272e+01 4.00944765107360490e-01 2.98993196436346079e+03 2.99033290912856819e+03 -1.98440170753914344e+03 1.48532784432264031e+00
1.61718750000001279e+01 4.00773880147998696e-01 2.98993213520797144e+03 2.99033290908811932e+03 -1.98440170753914299e+03 1.48532784432264031e+00
1.61750000000001286e+01 4.00604064878887611e-01 2.98993230498495996e+03 2.99033290904983869e+03 -1.98440170753914299e+03 1.48532784432264098e+00
1.61781250000001293e+01 4.00435778536395059e-01 2.98993247323659398e+03 2.99033290901513055e+03 -1.98440170753914299e+03 1.48532784432264053e+00
1.61812500000001300e+01 4.00269437786088866e-01 2.98993263954736358e+03 2.99033290898514952e+03 -1.98440170753914276e+03 1.48532784432264031e+00
1.61843750000001307e+01 4.00105402948152167e-01 2.98993280355777961e+03 2.99033290896072776e+03 -1.98440170753914299e+03 1.48532784432264120e+00
1.61875000000001315e+01 3.99943968072020650e-01 2.98993296497426081e+03 2.99033290894233278e+03 -1.98440170753914254e+03 1.48532784432264031e+00
1.61906250000001322e+01 3.99785355315064594e-01 2.98993312357475679e+03 2.99033290893007188e+03 -1.98440170753914208e+03 1.48532784432264076e+00
1.61937500000001329e+01 3.99629713616423632e-01 2.98993327921011178e+03 2.99033290892372816e+03 -1.98440170753914208e+03 1.48532784432264098e+00
1.61968750000001336e+01 3.99477121210077279e-01 2.98993343180162174e+03 2.99033290892283185e+03 -1.98440170753914276e+03 1.48532784432264120e+00
1.62000000000001343e+01 3.99327591144309435e-01 2.98993358133561060e+03 2.99033290892675495e+03 -1.98440170753914254e+03 1.48532784432264053e+00
1.62031250000001350e+01 3.99181078711690618e-01 2.98993372785609699e+03 2.99033290893480853e+03 -1.98440170753914299e+03 1.48532784432264098e+00
1.62062500000001357e+01 3.99037489574288973e-01 2.98993387145677525e+03 2.99033290894634956e+03 -1.98440170753914299e+03 1.48532784432264076e+00
1.62093750000001364e+01 3.98896687404265149e-01 2.98993401227345339e+03 2.99033290896085782e+03 -1.98440170753914322e+03 1.48532784432264076e+00
1.62125000000001371e+01 3.98758500041861141e-01 2.98993415047795770e+03 2.99033290897799952e+03 -1.98440170753914344e+03 1.48532784432264031e+00
1.62156250000001378e+01 3.98622723474022667e-01 2.98993428627417779e+03 2.99033290899765188e+03 -1.98440170753914344e+03 1.48532784432264120e+00
1.62187500000001386e+01 3.98489123314948290e-01 2.98993441989658277e+03 2.99033290901989767e+03 -1.98440170753914299e+03 1.48532784432264164e+00
1.62218750000001393e+01 3.98357433872627287e-01 2.98993455161111024e+03 2.99033290904498290e+03 -1.98440170753914299e+03 1.48532784432264142e+00
1.62250000000001400e+01 3.98227355258427063e-01 2.98993468171800032e+03 2.99033290907325863e+03 -1.98440170753914299e+03 1.48532784432264098e+00
1.62281250000001407e+01 3.98098549290978765e-01 2.98993481055580469e+03 2.99033290910509550e+03 -1.98440170753914299e+03 1.48532784432264076e+00
1.62312500000001414e+01 3.97970635124829775e-01 2.98993493850568393e+03 2.99033290914080862e+03 -1.98440170753914254e+03 1.48532784432264120e+00
1.62343750000001421e+01 3.97843185580665226e-01 2.98993506599499642e+03 2.99033290918057719e+03 -1.98440170753914276e+03 1.48532784432264120e+00
1.62375000000001428e+01 3.97715725070069526e-01 2.98993519349931512e+03 2.99033290922438528e+03 -1.98440170753914254e+03 1.48532784432264098e+00
1.62406250000001435e+01 3.97587729815877422e-01 2.98993532154217337e+03 2.99033290927198914e+03 -1.98440170753914276e+03 1.48532784432264142e+00
1.62437500000001442e+01 3.97458630805814617e-01 2.98993545069209495e+03 2.99033290932290083e+03 -1.98440170753914254e+03 1.48532784432264120e+00
1.62468750000001450e+01 3.97327819625985457e-01 2.98993558155677692e+03 2.99033290937640277e+03 -1.98440170753914254e+03 1.48532784432264142e+00
1.62500000000001457e+01 3.97194657043962007e-01 2.98993571477453179e+03 2.99033290943157590e+03 -1.98440170753914231e+03 1.48532784432264164e+00
1.62531250000001464e+01 3.97058483982116850e-01 2.98993585100336259e+03 2.99033290948734475e+03 -1.98440170753914185e+03 1.48532784432264164e+00
1.62562500000001471e+01 3.96918634359573030e-01 2.98993599090817088e+03 2.99033290954253061e+03 -1.98440170753914185e+03 1.48532784432264120e+00
1.62593750000001478e+01 3.96774449189825018e-01 2.98993613514671051e+03 2.99033290959590022e+03 -1.98440170753914208e+03 1.48532784432264142e+00
1.62625000000001485e+01 3.96625291292148685e-01 2.98993628435493383e+03 2.99033290964622620e+03 -1.98440170753914185e+03 1.48532784432264120e+00
1.62656250000001492e+01 3.96470559992016747e-01 2.98993643913233427e+03 2.99033290969232621e+03 -1.98440170753914117e+03 1.48532784432264098e+00
1.62687500000001499e+01 3.96309705230805498e-01 2.98993660002788420e+03 2.99033290973311478e+03 -1.98440170753914185e+03 1.48532784432264098e+00
1.62718750000001506e+01 3.96142240564127834e-01 2.98993676752707142e+03 2.99033290976763556e+03 -1.98440170753914163e+03 1.48532784432264120e+00
1.62750000000001513e+01 3.95967754593019250e-01 2.98993694204050325e+03 2.99033290979509638e+03 -1.98440170753914208e+03 1.48532784432264120e+00
1.62781250000001521e+01 3.95785920442268346e-01 2.98993712389445227e+03 2.99033290981489472e+03 -1.98440170753914185e+03 1.48532784432264120e+00
1.62812500000001528e+01 3.95596502978338815e-01 2.98993731332365451e+03 2.99033290982663266e+03 -1.98440170753914208e+03 1.48532784432264164e+00
1.62843750000001535e+01 3.95399363549654992e-01 2.98993751046658417e+03 2.99033290983013376e+03 -1.98440170753914254e+03 1.48532784432264098e+00
1.62875000000001542e+01 3.95194462135497471e-01 2.98993771536329905e+03 2.99033290982543440e+03 -1.98440170753914299e+03 1.48532784432264076e+00
1.62906250000001549e+01 3.94981856902372586e-01 2.98993792795587842e+03 2.99033290981278060e+03 -1.98440170753914299e+03 1.48532784432264120e+00
1.62937500000001556e+01 3.94761701279626787e-01 2.98993814809132755e+03 2.99033290979260710e+03 -1.98440170753914344e+03 1.48532784432264120e+00
1.62968750000001563e+01 3.94534238767280832e-01 2.98993837552674722e+03 2.99033290976551461e+03 -1.98440170753914390e+03 1.48532784432264142e+00
1.63000000000001570e+01 3.94299795766784034e-01 2.98993860993647286e+03 2.99033290973223984e+03 -1.98440170753914390e+03 1.48532784432264120e+00
1.63031250000001577e+01 3.94058772771682275e-01 2.98993885092085566e+03 2.99033290969362724e+03 -1.98440170753914435e+03 1.48532784432264120e+00
1.63062500000001585e+01 3.93811634267782928e-01 2.98993909801633299e+03 2.99033290965060087e+03 -1.98440170753914390e+03 1.48532784432264098e+00
1.63093750000001592e+01 3.93558897675964747e-01 2.98993935070646239e+03 2.99033290960413842e+03 -1.98440170753914390e+03 1.48532784432264076e+00
1.63125000000001599e+01 3.93301121635326656e-01 2.98993960843361765e+03 2.99033290955525308e+03 -1.98440170753914435e+03 1.48532784432264053e+00
1.63156250000001606e+01 3.93038893882334761e-01 2.98993987061108783e+03 2.99033290950497030e+03 -1.98440170753914390e+03 1.48532784432264098e+00
1.63187500000001613e+01 3.92772818945384350e-01 2.98994013663537089e+03 2.99033290945431645e+03 -1.98440170753914413e+03 1.48532784432264076e+00
1.63218750000001620e+01 3.92503505851434009e-01 2.98994040589844917e+03 2.99033290940430061e+03 -1.98440170753914367e+03 1.48532784432264076e+00
1.63250000000001627e+01 3.92231556035108564e-01 2.98994067779986381e+03 2.99033290935589912e+03 -1.98440170753914390e+03 1.48532784432264076e+00
1.63281250000001634e+01 3.91957551647874325e-01 2.98994095175838811e+03 2.99033290931003603e+03 -1.98440170753914390e+03 1.48532784432264120e+00
1.63312500000001641e+01 3.91682044478532165e-01 2.98994122722308884e+03 2.99033290926756717e+03 -1.98440170753914367e+03 1.48532784432264076e+00
1.63343750000001648e+01 3.91405545708262692e-01 2.98994150368355258e+03 2.99033290922926062e+03 -1.98440170753914390e+03 1.48532784432263987e+00
1.63375000000001656e+01 3.91128516726970188e-01 2.98994178067904886e+03 2.99033290919577576e+03 -1.98440170753914344e+03 1.48532784432264031e+00
1.63406250000001663e+01 3.90851361229567651e-01 2.98994205780641914e+03 2.99033290916764872e+03 -1.98440170753914390e+03 1.48532784432264009e+00
1.63437500000001670e+01 3.90574418792132561e-01 2.98994233472648557e+03 2.99033290914527788e+03 -1.98440170753914344e+03 1.48532784432263987e+00
1.63468750000001677e+01 3.90297960102831798e-01 2.98994261116881034e+03 2.99033290912891334e+03 -1.98440170753914344e+03 1.48532784432264076e+00
1.63500000000001684e+01 3.90022183996309890e-01 2.98994288693464296e+03 2.99033290911863924e+03 -1.98440170753914344e+03 1.48532784432264031e+00
1.63531250000001691e+01 3.89747216416532261e-01 2.98994316189795973e+03 2.99033290911437643e+03 -1.98440170753914322e+03 1.48532784432264031e+00
1.63562500000001698e+01 3.89473111411815065e-01 2.98994343600445154e+03 2.99033290911586346e+03 -1.98440170753914322e+03 1.48532784432264031e+00
1.63593750000001705e+01 3.89199854242631427e-01 2.98994370926841930e+03 2.99033290912266193e+03 -1.98440170753914322e+03 1.48532784432263987e+00
1.63625000000001712e+01 3.88927366650018813e-01 2.98994398176750292e+03 2.99033290913415294e+03 -1.98440170753914344e+03 1.48532784432264053e+00
1.63656250000001720e+01 3.88655514281343095e-01 2.98994425363526079e+03 2.99033290914954205e+03 -1.98440170753914344e+03 1.48532784432263987e+00
1.63687500000001727e+01 3.88384116194149198e-01 2.98994452505168283e+03 2.99033290916787701e+03 -1.98440170753914344e+03 1.48532784432263942e+00
1.63718750000001734e+01 3.88112956256363273e-01 2.98994479623181496e+03 2.99033290918807143e+03 -1.98440170753914390e+03 1.48532784432264031e+00
1.63750000000001741e+01 3.87841796137570860e-01 2.98994506741280429e+03 2.99033290920894206e+03 -1.98440170753914390e+03 1.48532784432264031e+00
1.63781250000001748e+01 3.87570389453841868e-01 2.98994533883980012e+03 2.99033290922925380e+03 -1.98440170753914390e+03 1.48532784432263987e+00
1.63812500000001755e+01 3.87298496505410206e-01 2.98994561075127376e+03 2.99033290924777930e+03 -1.98440170753914390e+03 1.48532784432263965e+00
1.63843750000001762e+01 3.87025898952311653e-01 2.98994588336440074e+03 2.99033290926335303e+03 -1.98440170753914435e+03 1.48532784432263965e+00
1.63875000000001769e+01 3.86752413725770794e-01 2.98994615686120505e+03 2.99033290927493090e+03 -1.98440170753914413e+03 1.48532784432263942e+00
1.63906250000001776e+01 3.86477905485006101e-01 2.98994643137615822e+03 2.99033290928164342e+03 -1.98440170753914390e+03 1.48532784432263965e+00
1.63937500000001783e+01 3.86202297003322870e-01 2.98994670698583286e+03 2.99033290928283623e+03 -1.98440170753914390e+03 1.48532784432263942e+00
1.63968750000001791e+01 3.85925576997253161e-01 2.98994698370109745e+03 2.99033290927809458e+03 -1.98440170753914390e+03 1.48532784432263942e+00
1.64000000000001798e+01 3.85647805082290851e-01 2.98994726146217454e+03 2.99033290926725704e+03 -1.98440170753914344e+03 1.48532784432264031e+00
1.64031250000001805e+01 3.85369113726211687e-01 2.98994754013668080e+03 2.99033290925040683e+03 -1.98440170753914367e+03 1.48532784432264031e+00
1.64062500000001812e+01 3.85089707252413316e-01 2.98994781952060748e+03 2.99033290922786000e+03 -1.98440170753914344e+03 1.48532784432264053e+00
1.64093750000001819e+01 3.84809858099851854e-01 2.98994809934203204e+03 2.99033290920013178e+03 -1.98440170753914344e+03 1.48532784432264031e+00
1.64125000000001826e+01 3.84529900659232371e-01 2.98994837926725086e+03 2.99033290916791020e+03 -1.98440170753914344e+03 1.48532784432264098e+00
1.64156250000001833e+01 3.84250223072337638e-01 2.98994865890894380e+03 2.99033290913201608e+03 -1.98440170753914344e+03 1.48532784432264076e+00
1.64187500000001840e+01 3.83971257407532129e-01 2.98994893783596626e+03 2.99033290909337393e+03 -1.98440170753914299e+03 1.48532784432264076e+00
1.64218750000001847e+01 3.83693468621415179e-01 2.98994921558435271e+03 2.99033290905297417e+03 -1.98440170753914344e+03 1.48532784432264053e+00
1.64250000000001855e+01 3.83417342699340080e-01 2.98994949166914557e+03 2.99033290901184500e+03 -1.98440170753914367e+03 1.48532784432264053e+00
1.64281250000001862e+01 3.83143374349799504e-01 2.98994976559667157e+03 2.99033290897102142e+03 -1.98440170753914390e+03 1.48532784432264076e+00
1.64312500000001869e+01 3.82872054618302038e-01 2.98995003687689768e+03 2.99033290893151616e+03 -1.98440170753914413e+03 1.48532784432264076e+00
1.64343750000001876e+01 3.82603858786621731e-01 2.98995030503549833e+03 2.99033290889428508e+03 -1.98440170753914435e+03 1.48532784432264031e+00
1.64375000000001883e+01 3.82339234927779936e-01 2.98995056962527178e+03 2.99033290886019950e+03 -1.98440170753914458e+03 1.48532784432264142e+00
1.64406250000001890e+01 3.82078593485031537e-01 2.98995083023653115e+03 2.99033290883001609e+03 -1.98440170753914390e+03 1.48532784432264120e+00
1.64437500000001897e+01 3.81822298222611323e-01 2.98995108650612883e+03 2.99033290880435152e+03 -1.98440170753914390e+03 1.48532784432264031e+00
1.64468750000001904e+01 3.81570658847319000e-01 2.98995133812481708e+03 2.99033290878366461e+03 -1.98440170753914344e+03 1.48532784432264120e+00
1.64500000000001911e+01 3.81323925519526374e-01 2.98995158484272542e+03 2.99033290876824503e+03 -1.98440170753914390e+03 1.48532784432264076e+00
1.64531250000001918e+01 3.81082285363336548e-01 2.98995182647285401e+03 2.99033290875821740e+03 -1.98440170753914344e+03 1.48532784432264031e+00
1.64562500000001926e+01 3.80845860959457105e-01 2.98995206289259295e+03 2.99033290875355260e+03 -1.98440170753914322e+03 1.48532784432264076e+00
1.64593750000001933e+01 3.80614710676924928e-01 2.98995229404341035e+03 2.99033290875408738e+03 -1.98440170753914299e+03 1.48532784432264076e+00
1.64625000000001940e+01 3.80388830589295290e-01 2.98995251992896510e+03 2.99033290875955436e+03 -1.98440170753914344e+03 1.48532784432264076e+00
1.64656250000001947e+01 3.80168157643230031e-01 2.98995274061197051e+03 2.99033290876961382e+03 -1.98440170753914299e+03 1.48532784432264120e+00
1.64687500000001954e+01 3.79952573712876551e-01 2.98995295621016612e+03 2.99033290878387879e+03 -1.98440170753914344e+03 1.48532784432264053e+00
1.64718750000001961e+01 3.79741910184350551e-01 2.98995316689176479e+03 2.99033290880194909e+03 -1.98440170753914344e+03 1.48532784432264031e+00
1.64750000000001968e+01 3.79535952764612439e-01 2.98995337287065740e+03 2.99033290882342180e+03 -1.98440170753914367e+03 1.48532784432264120e+00
1.64781250000001975e+01 3.79334446284522564e-01 2.98995357440162479e+03 2.99033290884790949e+03 -1.98440170753914344e+03 1.48532784432264053e+00
1.64812500000001982e+01 3.79137099349347972e-01 2.98995377177569299e+03 2.99033290887504245e+03 -1.98440170753914344e+03 1.48532784432264076e+00
1.64843750000001990e+01 3.78943588764104833e-01 2.98995396531570805e+03 2.99033290890447233e+03 -1.98440170753914344e+03 1.48532784432264098e+00
1.64875000000001997e+01 3.78753563712802166e-01 2.98995415537215922e+03 2.99033290893587218e+03 -1.98440170753914344e+03 1.48532784432264120e+00
1.64906250000002004e+01 3.78566649694403345e-01 2.98995434231923991e+03 2.99033290896893413e+03 -1.98440170753914344e+03 1.48532784432264142e+00
1.64937500000002011e+01 3.78382452217043030e-01 2.98995452655115423e+03 2.99033290900337124e+03 -1.98440170753914344e+03 1.48532784432264076e+00
1.64968750000002018e+01 3.78200560235978755e-01 2.98995470847868455e+03 2.99033290903892066e+03 -1.98440170753914367e+03 1.48532784432264076e+00
1.65000000000002025e+01 3.78020549304433906e-01 2.98995488852604194e+03 2.99033290907534638e+03 -1.98440170753914367e+03 1.48532784432264164e+00
1.65031250000002032e+01 3.77841984403897269e-01 2.98995506712803763e+03 2.99033290911244148e+03 -1.98440170753914390e+03 1.48532784432264164e+00
1.65062500000002039e+01 3.77664422441295444e-01 2.98995524472758279e+03 2.99033290915002408e+03 -1.98440170753914390e+03 1.48532784432264076e+00
1.65093750000002046e+01 3.77487414446658953e-01 2.98995542177348216e+03 2.99033290918792864e+03 -1.98440170753914413e+03 1.48532784432264142e+00
1.65125000000002053e+01 3.77310507569926123e-01 2.98995559871842397e+03 2.99033290922599372e+03 -1.98440170753914390e+03 1.48532784432264098e+00
1.65156250000002061e+01 3.77133247045971176e-01 2.98995577601699642e+03 2.99033290926404243e+03 -1.98440170753914435e+03 1.48532784432264053e+00
1.65187500000002068e+01 3.76955178355898757e-01 2.98995595412350258e+03 2.99033290930185831e+03 -1.98440170753914481e+03 1.48532784432264098e+00
1.65218750000002075e+01 3.76775849844158350e-01 2.98995613348932284e+03 2.99033290933916714e+03 -1.98440170753914481e+03 1.48532784432264076e+00
1.65250000000002082e+01 3.76594816044441727e-01 2.98995631455957164e+03 2.99033290937561605e+03 -1.98440170753914435e+03 1.48532784432264031e+00
1.65281250000002089e+01 3.76411641919508710e-01 2.98995649776884693e+03 2.99033290941076666e+03 -1.98440170753914458e+03 1.48532784432264076e+00
1.65312500000002096e+01 3.76225908136616272e-01 2.98995668353595329e+03 2.99033290944409009e+03 -1.98440170753914435e+03 1.48532784432264098e+00
1.65343750000002103e+01 3.76037217393349721e-01 2.98995687225758593e+03 2.99033290947497926e+03 -1.98440170753914435e+03 1.48532784432264031e+00
1.65375000000002110e+01 3.75845201694304354e-01 2.98995706430106929e+03 2.99033290950276341e+03 -1.98440170753914435e+03 1.48532784432264164e+00
1.65406250000002117e+01 3.75649530373251439e-01 2.98995725999636079e+03 2.99033290952673406e+03 -1.98440170753914435e+03 1.48532784432264098e+00
1.65437500000002125e+01 3.75449918570532892e-01 2.98995745962760066e+03 2.99033290954617132e+03 -1.98440170753914481e+03 1.48532784432264076e+00
1.65468750000002132e+01 3.75246135818409043e-01 2.98995766342456136e+03 2.99033290956037990e+03 -1.98440170753914458e+03 1.48532784432264098e+00
1.65500000000002139e+01 3.75038014358923366e-01 2.98995787155435755e+03 2.99033290956871633e+03 -1.98440170753914435e+03 1.48532784432264120e+00
1.65531250000002146e+01 3.74825456815365554e-01 2.98995808411380858e+03 2.99033290957062400e+03 -1.98440170753914458e+03 1.48532784432264053e+00
1.65562500000002153e+01 3.74608442852801538e-01 2.98995830112280464e+03 2.99033290956565725e+03 -1.98440170753914435e+03 1.48532784432264076e+00
1.65593750000002160e+01 3.74387034488014359e-01 2.98995852251902261e+03 2.99033290955351049e+03 -1.98440170753914435e+03 1.48532784432264031e+00
1.65625000000002167e+01 3.74161379739000433e-01 2.98995874815429897e+03 2.99033290953403775e+03 -1.98440170753914413e+03 1.48532784432264076e+00
1.65656250000002174e+01 3.73931714336362797e-01 2.98995897779294091e+03 2.99033290950727724e+03 -1.98440170753914367e+03 1.48532784432264031e+00
1.65687500000002181e+01 3.73698361254250710e-01 2.98995921111221060e+03 2.99033290947346495e+03 -1.98440170753914344e+03 1.48532784432263987e+00
1.65718750000002188e+01 3.73461727860578796e-01 2.98995944770518690e+03 2.99033290943304746e+03 -1.98440170753914367e+03 1.48532784432264053e+00
1.65750000000002196e+01 3.73222300539823471e-01 2.98995968708615055e+03 2.99033290938669052e+03 -1.98440170753914390e+03 1.48532784432264031e+00
1.65781250000002203e+01 3.72980636711547853e-01 2.98995992869856491e+03 2.99033290933527633e+03 -1.98440170753914299e+03 1.48532784432264031e+00
1.65812500000002210e+01 3.72737354256686026e-01 2.98996017192563659e+03 2.99033290927989310e+03 -1.98440170753914322e+03 1.48532784432264053e+00
1.65843750000002217e+01 3.72493118471510509e-01 2.98996041610334578e+03 2.99033290922181732e+03 -1.98440170753914299e+03 1.48532784432264031e+00
1.65875000000002224e+01 3.72248626792300696e-01 2.98996066053568802e+03 2.99033290916248052e+03 -1.98440170753914276e+03 1.48532784432264076e+00
1.65906250000002231e+01 3.72004591665073658e-01 2.98996090451176178e+03 2.99033290910342703e+03 -1.98440170753914276e+03 1.48532784432264098e+00
1.65937500000002238e+01 3.71761722064237687e-01 2.98996114732420028e+03 2.99033290904626438e+03 -1.98440170753914299e+03 1.48532784432264053e+00
1.65968750000002245e+01 3.71520704280554281e-01 2.98996138828832045e+03 2.99033290899260101e+03 -1.98440170753914254e+03 1.48532784432264031e+00
1.66000000000002252e+01 3.71282182690786000e-01 2.98996162676129143e+03 2.99033290894398215e+03 -1.98440170753914299e+03 1.48532784432264053e+00
1.66031250000002260e+01 3.71046741278988235e-01 2.98996186216054775e+03 2.99033290890182661e+03 -1.98440170753914276e+03 1.48532784432264076e+00
1.66062500000002267e+01 3.70814886694955437e-01 2.98996209398066640e+03 2.99033290886736131e+03 -1.98440170753914276e+03 1.48532784432264031e+00
1.66093750000002274e+01 3.70587033604625193e-01 2.98996232180795823e+03 2.99033290884156304e+03 -1.98440170753914254e+03 1.48532784432264098e+00
1.66125000000002281e+01 3.70363493009042422e-01 2.98996254533210549e+03 2.99033290882511437e+03 -1.98440170753914322e+03 1.48532784432264031e+00
1.66156250000002288e+01 3.70144464085248981e-01 2.98996276435428626e+03 2.99033290881837138e+03 -1.98440170753914299e+03 1.48532784432264120e+00
1.66187500000002295e+01 3.69930029939244454e-01 2.98996297879140593e+03 2.99033290882134497e+03 -1.98440170753914344e+03 1.48532784432264120e+00
1.66218750000002302e+01 3.69720157466380150e-01 2.98996318867623813e+03 2.99033290883370455e+03 -1.98440170753914390e+03 1.48532784432264164e+00
1.66250000000002309e+01 3.69514701299159809e-01 2.98996339415349757e+03 2.99033290885479664e+03 -1.98440170753914390e+03 1.48532784432264164e+00
1.66281250000002316e+01 3.69313411600510733e-01 2.98996359547208249e+03 2.99033290888368310e+03 -1.98440170753914344e+03 1.48532784432264120e+00
1.66312500000002323e+01 3.69115945248151833e-01 2.98996379297394924e+03 2.99033290891919751e+03 -1.98440170753914390e+03 1.48532784432264164e+00
1.66343750000002331e+01 3.68921879770477135e-01 2.98996398708023480e+03 2.99033290896000517e+03 -1.98440170753914390e+03 1.48532784432264142e+00
1.66375000000002338e+01 3.68730729253068101e-01 2.98996417827542882e+03 2.99033290900468182e+03 -1.98440170753914390e+03 1.48532784432264142e+00
1.66406250000002345e+01 3.68541961351794345e-01 2.98996436709043337e+03 2.99033290905178501e+03 -1.98440170753914413e+03 1.48532784432264164e+00
1.66437500000002352e+01 3.68355014532312064e-01 2.98996455408538895e+03 2.99033290909992138e+03 -1.98440170753914458e+03 1.48532784432264164e+00
1.66468750000002359e+01 3.68169314708314321e-01 2.98996473983310079e+03 2.99033290914780900e+03 -1.98440170753914458e+03 1.48532784432264209e+00
1.66500000000002366e+01 3.67984290566129968e-01 2.98996492490375749e+03 2.99033290919432375e+03 -1.98440170753914390e+03 1.48532784432264164e+00
1.66531250000002373e+01 3.67799387027648750e-01 2.98996510985150007e+03 2.99033290923852792e+03 -1.98440170753914435e+03 1.48532784432264209e+00
1.66562500000002380e+01 3.67614076498118336e-01 2.98996529520318245e+03 2.99033290927968073e+03 -1.98440170753914390e+03 1.48532784432264142e+00
1.66593750000002387e+01 3.67427867748637227e-01 2.98996548144948929e+03 2.99033290931723786e+03 -1.98440170753914435e+03 1.48532784432264164e+00
1.66625000000002395e+01 3.67240312473781083e-01 2.98996566903835901e+03 2.99033290935083278e+03 -1.98440170753914390e+03 1.48532784432264231e+00
1.66656250000002402e+01 3.67051009724722710e-01 2.98996585837052589e+03 2.99033290938025084e+03 -1.98440170753914390e+03 1.48532784432264209e+00
1.66687500000002409e+01 3.66859608534163051e-01 2.98996604979685981e+03 2.99033290940539382e+03 -1.98440170753914390e+03 1.48532784432264164e+00
1.66718750000002416e+01 3.66665809114196994e-01 2.98996624361713930e+03 2.99033290942625354e+03 -1.98440170753914390e+03 1.48532784432264187e+00
1.66750000000002423e+01 3.66469363020663019e-01 2.98996644007985287e+03 2.99033290944287364e+03 -1.98440170753914390e+03 1.48532784432264142e+00
1.66781250000002430e+01 3.66270072641891042e-01 2.98996663938268966e+03 2.99033290945533145e+03 -1.98440170753914344e+03 1.48532784432264120e+00
1.66812500000002437e+01 3.66067790295497464e-01 2.98996684167342437e+03 2.99033290946371972e+03 -1.98440170753914390e+03 1.48532784432264120e+00
1.66843750000002444e+01 3.65862417117317040e-01 2.98996704705102547e+03 2.99033290946814259e+03 -1.98440170753914344e+03 1.48532784432264098e+00
1.66875000000002451e+01 3.65653901817857119e-01 2.98996725556689853e+03 2.99033290946871648e+03 -1.98440170753914344e+03 1.48532784432264187e+00
1.66906250000002458e+01 3.65442239281478343e-01 2.98996746722629587e+03 2.99033290946557736e+03 -1.98440170753914390e+03 1.48532784432264142e+00
1.66937500000002466e+01 3.65227468908510766e-01 2.98996768198998689e+03 2.99033290945889530e+03 -1.98440170753914390e+03 1.48532784432264164e+00
1.66968750000002473e+01 3.65009672564258703e-01 2.98996789977632034e+03 2.99033290944888449e+03 -1.98440170753914413e+03 1.48532784432264053e+00
1.67000000000002480e+01 3.64788972009038703e-01 2.98996812046379819e+03 2.99033290943580732e+03 -1.98440170753914435e+03 1.48532784432264098e+00
1.67031250000002487e+01 3.64565525739945495e-01 2.98996834389423566e+03 2.99033290941997575e+03 -1.98440170753914481e+03 1.48532784432264120e+00
1.67062500000002494e+01 3.64339525269333053e-01 2.98996856987646788e+03 2.99033290940173720e+03 -1.98440170753914481e+03 1.48532784432264120e+00
1.67093750000002501e+01 3.64111190980546173e-01 2.98996879819047354e+03 2.99033290938145410e+03 -1.98440170753914481e+03 1.48532784432264142e+00
1.67125000000002508e+01 3.63880767816471218e-01 2.98996902859165721e+03 2.99033290935947389e+03 -1.98440170753914481e+03 1.48532784432264120e+00
1.67156250000002515e+01 3.63648521147536596e-01 2.98996926081494803e+03 2.99033290933609578e+03 -1.98440170753914481e+03 1.48532784432264076e+00
1.67187500000002522e+01 3.63414733212264085e-01 2.98996949457832852e+03 2.99033290931154079e+03 -1.98440170753914481e+03 1.48532784432264076e+00
1.67218750000002530e+01 3.63179700511360781e-01 2.98996972958540937e+03 2.99033290928592078e+03 -1.98440170753914481e+03 1.48532784432264142e+00
1.67250000000002537e+01 3.62943732461329105e-01 2.98996996552676865e+03 2.99033290925922984e+03 -1.98440170753914526e+03 1.48532784432264164e+00
1.67281250000002544e+01 3.62707151481737600e-01 2.98997020207985724e+03 2.99033290923133882e+03 -1.98440170753914481e+03 1.48532784432264098e+00
1.67312500000002551e+01 3.62470294517377778e-01 2.98997043890749683e+03 2.99033290920201398e+03 -1.98440170753914481e+03 1.48532784432264120e+00
1.67343750000002558e+01 3.62233515805342687e-01 2.98997067565514271e+03 2.99033290917094791e+03 -1.98440170753914481e+03 1.48532784432264120e+00
1.67375000000002565e+01 3.61997190513268063e-01 2.98997091194729001e+03 2.99033290913780320e+03 -1.98440170753914435e+03 1.48532784432264120e+00
1.67406250000002572e+01 3.61761718723832060e-01 2.98997114738354048e+03 2.99033290910226424e+03 -1.98440170753914458e+03 1.48532784432264120e+00
1.67437500000002579e+01 3.61527529142250337e-01 2.98997138153495234e+03 2.99033290906409457e+03 -1.98440170753914458e+03 1.48532784432264076e+00
1.67468750000002586e+01 3.61295081871343349e-01 2.98997161394131672e+03 2.99033290902318822e+03 -1.98440170753914435e+03 1.48532784432264120e+00
1.67500000000002593e+01 3.61064869637072849e-01 2.98997184410997397e+03 2.99033290897961115e+03 -1.98440170753914390e+03 1.48532784432264164e+00
1.67531250000002601e+01 3.60837416952261014e-01 2.98997207151668044e+03 2.99033290893363255e+03 -1.98440170753914435e+03 1.48532784432264164e+00
1.67562500000002608e+01 3.60613276865699439e-01 2.98997229560887263e+03 2.99033290888573811e+03 -1.98440170753914413e+03 1.48532784432264120e+00
1.67593750000002615e+01 3.60393025140855527e-01 2.98997251581148430e+03 2.99033290883662494e+03 -1.98440170753914344e+03 1.48532784432264164e+00
1.67625000000002622e+01 3.60177251922490227e-01 2.98997273153525384e+03 2.99033290878717617e+03 -1.98440170753914344e+03 1.48532784432264120e+00
1.67656250000002629e+01 3.59966551159698445e-01 2.98997294218726893e+03 2.99033290873842861e+03 -1.98440170753914344e+03 1.48532784432264164e+00
1.67687500000002636e+01 3.59761508240780403e-01 2.98997314718327561e+03 2.99033290869151642e+03 -1.98440170753914344e+03 1.48532784432264120e+00
1.67718750000002643e+01 3.59562686443111068e-01 2.98997334596117253e+03 2.99033290864761557e+03 -1.98440170753914344e+03 1.48532784432264120e+00
1.67750000000002650e+01 3.59370612898507580e-01 2.98997353799498069e+03 2.99033290860787929e+03 -1.98440170753914344e+03 1.48532784432264120e+00
1.67781250000002657e+01 3.59185764815878106e-01 2.98997372280856371e+03 2.99033290857337943e+03 -1.98440170753914390e+03 1.48532784432264120e+00
1.67812500000002665e+01 3.59008556687790470e-01 2.98997389998836252e+03 2.99033290854505049e+03 -1.98440170753914413e+03 1.48532784432264164e+00
1.67843750000002672e+01 3.58839329140961893e-01 2.98997406919449895e+03 2.99033290852364007e+03 -1.98440170753914390e+03 1.48532784432264120e+00
1.67875000000002679e+01 3.58678339981485017e-01 2.98997423016969924e+03 2.99033290850968069e+03 -1.98440170753914390e+03 1.48532784432264164e+00
1.67906250000002686e+01 3.58525757845942761e-01 2.98997438274561682e+03 2.99033290850346293e+03 -1.98440170753914390e+03 1.48532784432264076e+00
1.67937500000002693e+01 3.58381658713156581e-01 2.98997452684631753e+03 2.99033290850503090e+03 -1.98440170753914390e+03 1.48532784432264076e+00
1.67968750000002700e+01 3.58246025372078003e-01 2.98997466248881301e+03 2.99033290851418496e+03 -1.98440170753914367e+03 1.48532784432264120e+00
1.68000000000002707e+01 3.58118749792222579e-01 2.98997478978070694e+03 2.99033290853049903e+03 -1.98440170753914322e+03 1.48532784432264098e+00
