1.32031250000000000e+01 1.57836400608568183e+04 2.98633039903131339e+03 1.87699704598881326e+04 -1.56249999999994998e+03 3.26514432085025419e+00
1.32062500000000007e+01 1.57777921519309602e+04 2.98761208179746427e+03 1.87654042337284263e+04 -1.56249999999994998e+03 3.26249497558811852e+00
1.32093750000000014e+01 1.57719277001421779e+04 2.98889498361940514e+03 1.87608226837615839e+04 -1.56249999999994998e+03 3.25981208232672648e+00
1.32125000000000021e+01 1.57660472526350750e+04 2.99017862410020234e+03 1.87562258767352760e+04 -1.56249999999994998e+03 3.25709565121250755e+00
1.32156250000000028e+01 1.57601513568382179e+04 2.99146252317062044e+03 1.87516138800088374e+04 -1.56249999999994998e+03 3.25434569216549407e+00
1.32187500000000036e+01 1.57542405603688276e+04 2.99274620119228803e+03 1.87469867615611147e+04 -1.56249999999994998e+03 3.25156221488257513e+00
1.32218750000000043e+01 1.57483154109372826e+04 2.99402917906100720e+03 1.87423445899982908e+04 -1.56249999999995021e+03 3.24874522884085071e+00
1.32250000000000050e+01 1.57423764562514825e+04 2.99531097831010084e+03 1.87376874345615834e+04 -1.56249999999994998e+03 3.24589474330105698e+00
1.32281250000000057e+01 1.57364242439212267e+04 2.99659112121367343e+03 1.87330153651348992e+04 -1.56249999999995043e+03 3.24301076731107907e+00
1.32312500000000064e+01 1.57304593213627377e+04 2.99786913088965503e+03 1.87283284522523936e+04 -1.56249999999994998e+03 3.24009330970954723e+00
1.32343750000000071e+01 1.57244822357034518e+04 2.99914453140248406e+03 1.87236267671059359e+04 -1.56249999999995043e+03 3.23714237912951130e+00
1.32375000000000078e+01 1.57184935336871840e+04 3.00041684786533187e+03 1.87189103815525159e+04 -1.56249999999995043e+03 3.23415798400219678e+00
1.32406250000000085e+01 1.57124937615798044e+04 3.00168560654175462e+03 1.87141793681215604e+04 -1.56249999999995043e+03 3.23114013256083910e+00
1.32437500000000092e+01 1.57064834650754019e+04 3.00295033494672771e+03 1.87094338000221287e+04 -1.56249999999995066e+03 3.22808883284460624e+00
1.32468750000000099e+01 1.57004631892031412e+04 3.00421056194696894e+03 1.87046737511501087e+04 -1.56249999999995066e+03 3.22500409270258315e+00
1.32500000000000107e+01 1.56944334782346687e+04 3.00546581786052548e+03 1.86998992960951946e+04 -1.56249999999995089e+03 3.22188591979784666e+00
1.32531250000000114e+01 1.56883948755923266e+04 3.00671563455555315e+03 1.86951105101478788e+04 -1.56249999999995043e+03 3.21873432161161421e+00
1.32562500000000121e+01 1.56823479237580832e+04 3.00795954554823720e+03 1.86903074693063209e+04 -1.56249999999995089e+03 3.21554930544746798e+00
1.32593750000000128e+01 1.56762931641832583e+04 3.00919708609981399e+03 1.86854902502830737e+04 -1.56249999999995043e+03 3.21233087843565057e+00
1.32625000000000135e+01 1.56702311371991509e+04 3.01042779331263228e+03 1.86806589305117814e+04 -1.56249999999995089e+03 3.20907904753744511e+00
1.32656250000000142e+01 1.56641623819285123e+04 3.01165120622525546e+03 1.86758135881537673e+04 -1.56249999999995089e+03 3.20579381954961473e+00
1.32687500000000149e+01 1.56580874361978604e+04 3.01286686590659792e+03 1.86709543021044592e+04 -1.56249999999995043e+03 3.20247520110893236e+00
1.32718750000000156e+01 1.56520068364506897e+04 3.01407431554913546e+03 1.86660811519998242e+04 -1.56249999999995043e+03 3.19912319869676454e+00
1.32750000000000163e+01 1.56459211176613535e+04 3.01527310056123997e+03 1.86611942182225939e+04 -1.56249999999995021e+03 3.19573781864374329e+00
1.32781250000000171e+01 1.56398308132497696e+04 3.01646276865870550e+03 1.86562935819084742e+04 -1.56249999999995043e+03 3.19231906713449698e+00
1.32812500000000178e+01 1.56337364549966678e+04 3.01764286995550447e+03 1.86513793249521732e+04 -1.56249999999994998e+03 3.18886695021245758e+00
1.32843750000000185e+01 1.56276385729595604e+04 3.01881295705379216e+03 1.86464515300133535e+04 -1.56249999999994998e+03 3.18538147378473102e+00
1.32875000000000192e+01 1.56215376953893883e+04 3.01997258513311044e+03 1.86415102805224997e+04 -1.56249999999994952e+03 3.18186264362704385e+00
1.32906250000000199e+01 1.56154343486478974e+04 3.02112131203869922e+03 1.86365556606865975e+04 -1.56249999999994952e+03 3.17831046538875484e+00
1.32937500000000206e+01 1.56093290571259986e+04 3.02225869836877064e+03 1.86315877554947692e+04 -1.56249999999994952e+03 3.17472494459792287e+00
1.32968750000000213e+01 1.56032223431632010e+04 3.02338430756056641e+03 1.86266066507237665e+04 -1.56249999999994930e+03 3.17110608666646154e+00
1.33000000000000220e+01 1.55971147269683242e+04 3.02449770597503266e+03 1.86216124329433587e+04 -1.56249999999994952e+03 3.16745389689533718e+00
1.33031250000000227e+01 1.55910067265416328e+04 3.02559846297996955e+03 1.86166051895216006e+04 -1.56249999999994952e+03 3.16376838047984954e+00
1.33062500000000234e+01 1.55848988575984295e+04 3.02668615103159573e+03 1.86115850086300270e+04 -1.56249999999994907e+03 3.16004954251496084e+00
1.33093750000000242e+01 1.55787916334941474e+04 3.02776034575454241e+03 1.86065519792486884e+04 -1.56249999999994952e+03 3.15629738800070170e+00
1.33125000000000249e+01 1.55726855651507285e+04 3.02882062602040787e+03 1.86015061911711382e+04 -1.56249999999994952e+03 3.15251192184762541e+00
1.33156250000000256e+01 1.55665811609841767e+04 3.02986657402506171e+03 1.85964477350092384e+04 -1.56249999999994952e+03 3.14869314888233642e+00
1.33187500000000263e+01 1.55604789268329350e+04 3.03089777536498332e+03 1.85913767021979183e+04 -1.56249999999994952e+03 3.14484107385306766e+00
1.33218750000000270e+01 1.55543793658868508e+04 3.03191381911291637e+03 1.85862931849997658e+04 -1.56249999999994998e+03 3.14095570143532887e+00
1.33250000000000277e+01 1.55482829786163456e+04 3.03291429789313497e+03 1.85811972765094797e+04 -1.56249999999994975e+03 3.13703703623760211e+00
1.33281250000000284e+01 1.55421902627017116e+04 3.03389880795655336e+03 1.85760890706582650e+04 -1.56249999999994998e+03 3.13308508280710374e+00
1.33312500000000291e+01 1.55361017129621578e+04 3.03486694925584879e+03 1.85709686622180052e+04 -1.56249999999994998e+03 3.12909984563560428e+00
1.33343750000000298e+01 1.55300178212847131e+04 3.03581832552068317e+03 1.85658361468053954e+04 -1.56249999999995043e+03 3.12508132916529879e+00
1.33375000000000306e+01 1.55239390765528660e+04 3.03675254433299961e+03 1.85606916208858675e+04 -1.56249999999995043e+03 3.12102953779473236e+00
1.33406250000000313e+01 1.55178659645751068e+04 3.03766921720230494e+03 1.85555351817774135e+04 -1.56249999999995043e+03 3.11694447588478862e+00
1.33437500000000320e+01 1.55117989680135397e+04 3.03856795964075718e+03 1.85503669276542969e+04 -1.56249999999995043e+03 3.11282614776473077e+00
1.33468750000000327e+01 1.55057385663127734e+04 3.03944839123782276e+03 1.85451869575505953e+04 -1.56249999999995043e+03 3.10867455773828549e+00
1.33500000000000334e+01 1.54996852356294094e+04 3.04031013573423479e+03 1.85399953713636423e+04 -1.56249999999995089e+03 3.10448971008978836e+00
1.33531250000000341e+01 1.54936394487623584e+04 3.04115282109494319e+03 1.85347922698573020e+04 -1.56249999999995043e+03 3.10027160909038590e+00
1.33562500000000348e+01 1.54876016750843828e+04 3.04197607958076514e+03 1.85295777546651479e+04 -1.56249999999995066e+03 3.09602025900427469e+00
1.33593750000000355e+01 1.54815723804750596e+04 3.04277954781844528e+03 1.85243519282935049e+04 -1.56249999999995089e+03 3.09173566409500067e+00
1.33625000000000362e+01 1.54755520272554513e+04 3.04356286686889689e+03 1.85191148941243482e+04 -1.56249999999995089e+03 3.08741782863180703e+00
1.33656250000000369e+01 1.54695410741246305e+04 3.04432568229342542e+03 1.85138667564180578e+04 -1.56249999999995089e+03 3.08306675689602550e+00
1.33687500000000377e+01 1.54635399760982182e+04 3.04506764421786283e+03 1.85086076203160810e+04 -1.56249999999995066e+03 3.07868245318752143e+00
1.33718750000000384e+01 1.54575491844488879e+04 3.04578840739457883e+03 1.85033375918434685e+04 -1.56249999999995066e+03 3.07426492183118194e+00
1.33750000000000391e+01 1.54515691466487187e+04 3.04648763126246649e+03 1.84980567779111843e+04 -1.56249999999995089e+03 3.06981416718345157e+00
1.33781250000000398e+01 1.54456003063133667e+04 3.04716498000505180e+03 1.84927652863184194e+04 -1.56249999999995089e+03 3.06533019363891501e+00
1.33812500000000405e+01 1.54396431031477150e+04 3.04782012260692773e+03 1.84874632257546436e+04 -1.56249999999995089e+03 3.06081300563691805e+00
1.33843750000000412e+01 1.54336979728928400e+04 3.04845273290874502e+03 1.84821507058015850e+04 -1.56249999999995066e+03 3.05626260766823910e+00
1.33875000000000419e+01 1.54277653472740694e+04 3.04906248966095245e+03 1.84768278369350228e+04 -1.56249999999995089e+03 3.05167900428180605e+00
1.33906250000000426e+01 1.54218456539500203e+04 3.04964907657645199e+03 1.84714947305264723e+04 -1.56249999999995089e+03 3.04706220009144779e+00
1.33937500000000433e+01 1.54159393164623980e+04 3.05021218238226629e+03 1.84661514988446652e+04 -1.56249999999995066e+03 3.04241219978268473e+00
1.33968750000000441e+01 1.54100467541866892e+04 3.05075150087024394e+03 1.84607982550569322e+04 -1.56249999999995066e+03 3.03772900811957314e+00
1.34000000000000448e+01 1.54041683822836349e+04 3.05126673094679882e+03 1.84554351132304328e+04 -1.56249999999995066e+03 3.03301262995158138e+00
1.34031250000000455e+01 1.53983046116515470e+04 3.05175757668162942e+03 1.84500621883331769e+04 -1.56249999999995043e+03 3.02826307022050045e+00
1.34062500000000462e+01 1.53924558488796119e+04 3.05222374735539915e+03 1.84446795962350116e+04 -1.56249999999995043e+03 3.02348033396740190e+00
1.34093750000000469e+01 1.53866224962020224e+04 3.05266495750634840e+03 1.84392874537083699e+04 -1.56249999999994998e+03 3.01866442633962784e+00
1.34125000000000476e+01 1.53808049514530558e+04 3.05308092697587017e+03 1.84338858784289259e+04 -1.56249999999995021e+03 3.01381535259782352e+00
1.34156250000000483e+01 1.53750036080230129e+04 3.05347138095309629e+03 1.84284749889761079e+04 -1.56249999999994998e+03 3.00893311812299258e+00
1.34187500000000490e+01 1.53692188548148497e+04 3.05383605001855994e+03 1.84230549048334105e+04 -1.56249999999995043e+03 3.00401772842360559e+00
1.34218750000000497e+01 1.53634510762016525e+04 3.05417467018695152e+03 1.84176257463886031e+04 -1.56249999999995043e+03 2.99906918914272902e+00
1.34250000000000504e+01 1.53577006519848474e+04 3.05448698294896303e+03 1.84121876349338090e+04 -1.56249999999995043e+03 2.99408750606519414e+00
1.34281250000000512e+01 1.53519679573532085e+04 3.05477273531212495e+03 1.84067406926653348e+04 -1.56249999999995043e+03 2.98907268512479796e+00
1.34312500000000519e+01 1.53462533628429610e+04 3.05503167984046195e+03 1.84012850426834229e+04 -1.56249999999995043e+03 2.98402473241153254e+00
1.34343750000000526e+01 1.53405572342991054e+04 3.05526357469274308e+03 1.83958208089918480e+04 -1.56249999999995043e+03 2.97894365417885343e+00
1.34375000000000533e+01 1.53348799328382502e+04 3.05546818365907257e+03 1.83903481164973236e+04 -1.56249999999995043e+03 2.97382945685096800e+00
1.34406250000000540e+01 1.53292218148131869e+04 3.05564527619559021e+03 1.83848670910087785e+04 -1.56249999999995043e+03 2.96868214703016253e+00
1.34437500000000547e+01 1.53235832317793993e+04 3.05579462745711953e+03 1.83793778592365197e+04 -1.56249999999995043e+03 2.96350173150415808e+00
1.34468750000000554e+01 1.53179645304635033e+04 3.05591601832770266e+03 1.83738805487912068e+04 -1.56249999999995021e+03 2.95828821725348678e+00
1.34500000000000561e+01 1.53123660527336506e+04 3.05600923544906618e+03 1.83683752881827168e+04 -1.56249999999995043e+03 2.95304161145889932e+00
1.34531250000000568e+01 1.53067881355716436e+04 3.05607407124718975e+03 1.83628622068188342e+04 -1.56249999999995043e+03 2.94776192150880201e+00
1.34562500000000576e+01 1.53012311110466198e+04 3.05611032395718757e+03 1.83573414350038074e+04 -1.56249999999995021e+03 2.94244915500671933e+00
1.34593750000000583e+01 1.52956953062899738e+04 3.05611779764678158e+03 1.83518131039367545e+04 -1.56249999999995021e+03 2.93710331977877681e+00
1.34625000000000590e+01 1.52901810434712952e+04 3.05609630223859313e+03 1.83462773457098883e+04 -1.56249999999995043e+03 2.93172442388121057e+00
1.34656250000000597e+01 1.52846886397751896e+04 3.05604565353143562e+03 1.83407342933066247e+04 -1.56249999999995043e+03 2.92631247560790575e+00
1.34687500000000604e+01 1.52792184073787357e+04 3.05596567322072497e+03 1.83351840805994616e+04 -1.56249999999995043e+03 2.92086748349794734e+00
1.34718750000000611e+01 1.52737706534297467e+04 3.05585618891803870e+03 1.83296268423477850e+04 -1.56249999999995043e+03 2.91538945634319946e+00
1.34750000000000618e+01 1.52683456800256572e+04 3.05571703416980563e+03 1.83240627141954610e+04 -1.56249999999995043e+03 2.90987840319590729e+00
1.34781250000000625e+01 1.52629437841932013e+04 3.05554804847509877e+03 1.83184918326683000e+04 -1.56249999999995043e+03 2.90433433337631541e+00
1.34812500000000632e+01 1.52575652578688678e+04 3.05534907730251143e+03 1.83129143351713792e+04 -1.56249999999995043e+03 2.89875725648030880e+00
1.34843750000000639e+01 1.52522103878800535e+04 3.05511997210614163e+03 1.83073303599861938e+04 -1.56249999999995043e+03 2.89314718238706892e+00
1.34875000000000647e+01 1.52468794559269390e+04 3.05486059034076334e+03 1.83017400462677033e+04 -1.56249999999995066e+03 2.88750412126674894e+00
1.34906250000000654e+01 1.52415727385648715e+04 3.05457079547629291e+03 1.82961435340411626e+04 -1.56249999999995043e+03 2.88182808358817599e+00
1.34937500000000661e+01 1.52362905071872046e+04 3.05425045701167801e+03 1.82905409641988808e+04 -1.56249999999995043e+03 2.87611908012654949e+00
1.34968750000000668e+01 1.52310330280084472e+04 3.05389945048829759e+03 1.82849324784967466e+04 -1.56249999999995043e+03 2.87037712197117933e+00
1.35000000000000675e+01 1.52258005620477124e+04 3.05351765750292634e+03 1.82793182195506379e+04 -1.56249999999995043e+03 2.86460222053321933e+00
1.35031250000000682e+01 1.52205933651124687e+04 3.05310496572021566e+03 1.82736983308326853e+04 -1.56249999999995043e+03 2.85879438755342363e+00
1.35062500000000689e+01 1.52154116877827382e+04 3.05266126888458439e+03 1.82680729566673217e+04 -1.56249999999995043e+03 2.85295363510992139e+00
1.35093750000000696e+01 1.52102557753958918e+04 3.05218646683135557e+03 1.82624422422272473e+04 -1.56249999999995043e+03 2.84707997562599191e+00
1.35125000000000703e+01 1.52051258680322499e+04 3.05168046549694373e+03 1.82568063335291954e+04 -1.56249999999995089e+03 2.84117342187786326e+00
1.35156250000000711e+01 1.52000222005016258e+04 3.05114317692793838e+03 1.82511653774295628e+04 -1.56249999999995089e+03 2.83523398700251761e+00
1.35187500000000718e+01 1.51949450023309364e+04 3.05057451928896717e+03 1.82455195216199027e+04 -1.56249999999995089e+03 2.82926168450550408e+00
1.35218750000000725e+01 1.51898944977529718e+04 3.04997441686931415e+03 1.82398689146222860e+04 -1.56249999999995089e+03 2.82325652826876672e+00
1.35250000000000732e+01 1.51848709056961216e+04 3.04934280008833321e+03 1.82342137057844557e+04 -1.56249999999995089e+03 2.81721853255847599e+00
1.35281250000000739e+01 1.51798744397751434e+04 3.04867960549976806e+03 1.82285540452749119e+04 -1.56249999999995089e+03 2.81114771203287939e+00
1.35312500000000746e+01 1.51749053082826904e+04 3.04798477579508744e+03 1.82228900840777787e+04 -1.56249999999995089e+03 2.80504408175014097e+00
1.35343750000000753e+01 1.51699637141816347e+04 3.04725825980592526e+03 1.82172219739875582e+04 -1.56249999999995089e+03 2.79890765717620749e+00
1.35375000000000760e+01 1.51650498550980428e+04 3.04650001250564583e+03 1.82115498676036877e+04 -1.56249999999995111e+03 2.79273845419266653e+00
1.35406250000000767e+01 1.51601639233150017e+04 3.04570999500996004e+03 1.82058739183249636e+04 -1.56249999999995111e+03 2.78653648910461849e+00
1.35437500000000774e+01 1.51553061057673749e+04 3.04488817457643927e+03 1.82001942803438142e+04 -1.56249999999995111e+03 2.78030177864854666e+00
1.35468750000000782e+01 1.51504765840377331e+04 3.04403452460267818e+03 1.81945111086404104e+04 -1.56249999999995111e+03 2.77403434000019500e+00
1.35500000000000789e+01 1.51456755343537570e+04 3.04314902462287318e+03 1.81888245589766302e+04 -1.56249999999995089e+03 2.76773419078244931e+00
1.35531250000000796e+01 1.51409031275873258e+04 3.04223166030255879e+03 1.81831347878898850e+04 -1.56249999999995089e+03 2.76140134907321855e+00
1.35562500000000803e+01 1.51361595292554466e+04 3.04128242343134298e+03 1.81774419526867896e+04 -1.56249999999995089e+03 2.75503583341331826e+00
1.35593750000000810e+01 1.51314448995231596e+04 3.04030131191356168e+03 1.81717462114367227e+04 -1.56249999999995089e+03 2.74863766281435939e+00
1.35625000000000817e+01 1.51267593932083346e+04 3.03928832975689238e+03 1.81660477229652279e+04 -1.56249999999995089e+03 2.74220685676662823e+00
1.35656250000000824e+01 1.51221031597882429e+04 3.03824348705904458e+03 1.81603466468472870e+04 -1.56249999999995066e+03 2.73574343524697472e+00
1.35687500000000831e+01 1.51174763434077249e+04 3.03716679999272174e+03 1.81546431434004480e+04 -1.56249999999995066e+03 2.72924741872669419e+00
1.35718750000000838e+01 1.51128790828886995e+04 3.03605829078907027e+03 1.81489373736777707e+04 -1.56249999999995043e+03 2.72271882817941213e+00
1.35750000000000846e+01 1.51083115117408961e+04 3.03491798771980530e+03 1.81432294994607000e+04 -1.56249999999995043e+03 2.71615768508896016e+00
1.35781250000000853e+01 1.51037737581735419e+04 3.03374592507816942e+03 1.81375196832517104e+04 -1.56249999999995043e+03 2.70956401145725057e+00
1.35812500000000860e+01 1.50992659451080563e+04 3.03254214315881381e+03 1.81318080882668692e+04 -1.56249999999995066e+03 2.70293782981215447e+00
1.35843750000000867e+01 1.50947881901915807e+04 3.03130668823664428e+03 1.81260948784282264e+04 -1.56249999999995066e+03 2.69627916321536620e+00
1.35875000000000874e+01 1.50903406058113978e+04 3.03003961254464139e+03 1.81203802183560401e+04 -1.56249999999995043e+03 2.68958803527026147e+00
1.35906250000000881e+01 1.50859232991102745e+04 3.02874097425066884e+03 1.81146642733609442e+04 -1.56249999999995043e+03 2.68286447012976170e+00
1.35937500000000888e+01 1.50815363720025907e+04 3.02741083743331046e+03 1.81089472094359007e+04 -1.56249999999995066e+03 2.67610849250417537e+00
1.35968750000000895e+01 1.50771799211912403e+04 3.02604927205682907e+03 1.81032291932480694e+04 -1.56249999999995089e+03 2.66932012766904814e+00
1.36000000000000902e+01 1.50728540381851399e+04 3.02465635394538822e+03 1.80975103921305272e+04 -1.56249999999995066e+03 2.66249940147298947e+00
1.36031250000000909e+01 1.50685588093171336e+04 3.02323216475672962e+03 1.80917909740738614e+04 -1.56249999999995066e+03 2.65564634034551039e+00
1.36062500000000917e+01 1.50642943157621376e+04 3.02177687686348236e+03 1.80860711926256190e+04 -1.56249999999995066e+03 2.64878829983270991e+00
1.36093750000000924e+01 1.50600606335561406e+04 3.02029058350467676e+03 1.80803512170608155e+04 -1.56249999999995089e+03 2.64192528949702465e+00
1.36125000000000931e+01 1.50558578336142509e+04 3.01877329875983560e+03 1.80746311323740883e+04 -1.56249999999995089e+03 2.63503000239162777e+00
1.36156250000000938e+01 1.50516859817479726e+04 3.01722512734281599e+03 1.80689111090907900e+04 -1.56249999999995111e+03 2.62810246660532743e+00
1.36187500000000945e+01 1.50475451386831428e+04 3.01564617966653304e+03 1.80631913183496763e+04 -1.56249999999995134e+03 2.62114271084946848e+00
1.36218750000000952e+01 1.50434353600781469e+04 3.01403657181559902e+03 1.80574719318937459e+04 -1.56249999999995134e+03 2.61415076446570227e+00
1.36250000000000959e+01 1.50393566965423761e+04 3.01239642551845191e+03 1.80517531220608289e+04 -1.56249999999995134e+03 2.60712665743373551e+00
1.36281250000000966e+01 1.50353091936554247e+04 3.01072586811873316e+03 1.80460350617741569e+04 -1.56249999999995134e+03 2.60007042037906499e+00
1.36312500000000973e+01 1.50312928919870901e+04 3.00902503254567318e+03 1.80403179245327628e+04 -1.56249999999995134e+03 2.59298208458070611e+00
1.36343750000000981e+01 1.50273078271184622e+04 3.00729405728331039e+03 1.80346018844017744e+04 -1.56249999999995134e+03 2.58586168197889599e+00
1.36375000000000988e+01 1.50233540296641422e+04 3.00553308633846700e+03 1.80288871160026101e+04 -1.56249999999995134e+03 2.57870924518278555e+00
1.36406250000000995e+01 1.50194315252955603e+04 3.00374226920748970e+03 1.80231737945030509e+04 -1.56249999999995134e+03 2.57152480747811829e+00
1.36437500000001002e+01 1.50155403347653191e+04 3.00192176084189032e+03 1.80174620956072104e+04 -1.56249999999995111e+03 2.56430840283489037e+00
1.36468750000001009e+01 1.50116804739323252e+04 3.00007172161308154e+03 1.80117521955454067e+04 -1.56249999999995111e+03 2.55706006591499158e+00
1.36500000000001016e+01 1.50078519537873981e+04 2.99819231727648457e+03 1.80060442710638818e+04 -1.56249999999995111e+03 2.54977983207983261e+00
1.36531250000001023e+01 1.50040547804792022e+04 2.99628371893527401e+03 1.80003384994144762e+04 -1.56249999999995134e+03 2.54246773739795362e+00
1.36562500000001030e+01 1.50002889553400746e+04 2.99434610300403438e+03 1.79946350583441090e+04 -1.56249999999995134e+03 2.53512381865261460e+00
1.36593750000001037e+01 1.49965544749116634e+04 2.99237965117253725e+03 1.79889341260842011e+04 -1.56249999999995134e+03 2.52774811334936800e+00
1.36625000000001044e+01 1.49928513309702194e+04 2.99038455036976302e+03 1.79832358813399842e+04 -1.56249999999995134e+03 2.52034065972361088e+00
1.36656250000001052e+01 1.49891795105514302e+04 2.98836099272822230e+03 1.79775405032796516e+04 -1.56249999999995134e+03 2.51290149674811758e+00
1.36687500000001059e+01 1.49855389959749446e+04 2.98630917554850566e+03 1.79718481715234520e+04 -1.56249999999995134e+03 2.50543066414055904e+00
1.36718750000001066e+01 1.49819297648686988e+04 2.98422930126391748e+03 1.79661590661326154e+04 -1.56249999999995134e+03 2.49792820237099766e+00
1.36750000000001073e+01 1.49783517901932937e+04 2.98212157740496059e+03 1.79604733675982534e+04 -1.56249999999995111e+03 2.49039415266935737e+00
1.36781250000001080e+01 1.49748050402666850e+04 2.97998621656337536e+03 1.79547912568300599e+04 -1.56249999999995111e+03 2.48282855703288874e+00
1.36812500000001087e+01 1.49712894787895657e+04 2.97782343635541793e+03 1.79491129151449823e+04 -1.56249999999995089e+03 2.47523145823359370e+00
1.36843750000001094e+01 1.49678050648717344e+04 2.97563345938403609e+03 1.79434385242557692e+04 -1.56249999999995134e+03 2.46760289982565206e+00
1.36875000000001101e+01 1.49643517530597692e+04 2.97341651319966604e+03 1.79377682662594343e+04 -1.56249999999995089e+03 2.45994292615280807e+00
1.36906250000001108e+01 1.49609294933662313e+04 2.97117283025938877e+03 1.79321023236256187e+04 -1.56249999999995089e+03 2.45225158235574892e+00
1.36937500000001116e+01 1.49575382313005703e+04 2.96890264788431205e+03 1.79264408791848837e+04 -1.56249999999995089e+03 2.44452891437945796e+00
1.36968750000001123e+01 1.49541779079017633e+04 2.96660620821512111e+03 1.79207841161168835e+04 -1.56249999999995089e+03 2.43677496898054979e+00
1.37000000000001130e+01 1.49508484597726838e+04 2.96428375816584503e+03 1.79151322179385279e+04 -1.56249999999995089e+03 2.42898979373457768e+00
1.37031250000001137e+01 1.49475498191159804e+04 2.96193554937599765e+03 1.79094853684919799e+04 -1.56249999999995089e+03 2.42117343704333621e+00
1.37062500000001144e+01 1.49442819137713195e+04 2.95956183816129851e+03 1.79038437519326180e+04 -1.56249999999995089e+03 2.41332594814212120e+00
1.37093750000001151e+01 1.49410446672536455e+04 2.95716288546324540e+03 1.78982075527168927e+04 -1.56249999999995089e+03 2.40544737710699508e+00
1.37125000000001158e+01 1.49378379987923345e+04 2.95473895679778161e+03 1.78925769555901170e+04 -1.56249999999995089e+03 2.39753777486200903e+00
1.37156250000001165e+01 1.49346618233708596e+04 2.95229032220329282e+03 1.78869521455741524e+04 -1.56249999999995134e+03 2.38959719318642172e+00
1.37187500000001172e+01 1.49315160517669428e+04 2.94981725618807877e+03 1.78813333079550212e+04 -1.56249999999995066e+03 2.38162568472188907e+00
1.37218750000001180e+01 1.49284005905930426e+04 2.94732003767739025e+03 1.78757206282704319e+04 -1.56249999999995089e+03 2.37362330297964386e+00
1.37250000000001187e+01 1.49253153423371823e+04 2.94479894996004032e+03 1.78701142922972213e+04 -1.56249999999995089e+03 2.36559010234764555e+00
1.37281250000001194e+01 1.49222602054041581e+04 2.94225428063456275e+03 1.78645144860387227e+04 -1.56249999999995089e+03 2.35752613809772305e+00
1.37312500000001201e+01 1.49192350741572154e+04 2.93968632155485466e+03 1.78589213957120701e+04 -1.56249999999995089e+03 2.34943146639269296e+00
1.37343750000001208e+01 1.49162398389601494e+04 2.93709536877529627e+03 1.78533352077354466e+04 -1.56249999999995089e+03 2.34130614429346418e+00
1.37375000000001215e+01 1.49132743862198768e+04 2.93448172249536310e+03 1.78477561087152390e+04 -1.56249999999995089e+03 2.33315022976612330e+00
1.37406250000001222e+01 1.49103385984293473e+04 2.93184568700385262e+03 1.78421842854331990e+04 -1.56249999999995089e+03 2.32496378168900719e+00
1.37437500000001229e+01 1.49074323542105740e+04 2.92918757062288114e+03 1.78366199248334560e+04 -1.56249999999995111e+03 2.31674685985976003e+00
1.37468750000001236e+01 1.49045555283576432e+04 2.92650768565191129e+03 1.78310632140095549e+04 -1.56249999999995134e+03 2.30849952500237565e+00
1.37500000000001243e+01 1.49017079918793570e+04 2.92380634831202406e+03 1.78255143401913811e+04 -1.56249999999995134e+03 2.30022183877422659e+00
1.37531250000001251e+01 1.48988896120413810e+04 2.92108387869065882e+03 1.78199734907320380e+04 -1.56249999999995111e+03 2.29191386377308337e+00
1.37562500000001258e+01 1.48961002524077412e+04 2.91834060068693998e+03 1.78144408530946821e+04 -1.56249999999995089e+03 2.28357566354412089e+00
1.37593750000001265e+01 1.48933397728816417e+04 2.91557684195760021e+03 1.78089166148392433e+04 -1.56249999999995089e+03 2.27520730258691284e+00
1.37625000000001272e+01 1.48906080297457520e+04 2.91279293386337395e+03 1.78034009636091250e+04 -1.56249999999995111e+03 2.26680884636242341e+00
1.37656250000001279e+01 1.48879048757022083e+04 2.90998921141564324e+03 1.77978940871178529e+04 -1.56249999999995111e+03 2.25838036129998798e+00
1.37687500000001286e+01 1.48852301599126095e+04 2.90716601322300812e+03 1.77923961731356176e+04 -1.56249999999995111e+03 2.24992191480428705e+00
1.37718750000001293e+01 1.48825837280383967e+04 2.90432368143747226e+03 1.77869074094758689e+04 -1.56249999999995089e+03 2.24143357526232112e+00
1.37750000000001300e+01 1.48799654222818190e+04 2.90146256169994149e+03 1.77814279839817609e+04 -1.56249999999995111e+03 2.23291541205037314e+00
1.37781250000001307e+01 1.48773750814278210e+04 2.89858300308486105e+03 1.77759580845126839e+04 -1.56249999999995134e+03 2.22436749554098689e+00
1.37812500000001315e+01 1.48748125408867181e+04 2.89568535804392559e+03 1.77704978989306437e+04 -1.56249999999995134e+03 2.21578989710992635e+00
1.37843750000001322e+01 1.48722776327378160e+04 2.89276998234895063e+03 1.77650476150867653e+04 -1.56249999999995157e+03 2.20718268914315452e+00
1.37875000000001329e+01 1.48697701857734883e+04 2.88983723503412057e+03 1.77596074208076097e+04 -1.56249999999995134e+03 2.19854594504380518e+00
1.37906250000001336e+01 1.48672900255436962e+04 2.88688747833788648e+03 1.77541775038815831e+04 -1.56249999999995134e+03 2.18987973923917600e+00
1.37937500000001343e+01 1.48648369744004158e+04 2.88392107764482216e+03 1.77487580520452393e+04 -1.56249999999995180e+03 2.18118414718771891e+00
1.37968750000001350e+01 1.48624108515419102e+04 2.88093840142767476e+03 1.77433492529695868e+04 -1.56249999999995180e+03 2.17245924538604429e+00
1.38000000000001357e+01 1.48600114730565856e+04 2.87793982118975418e+03 1.77379512942463407e+04 -1.56249999999995180e+03 2.16370511137594779e+00
1.38031250000001364e+01 1.48576386519665029e+04 2.87492571140763539e+03 1.77325643633741383e+04 -1.56249999999995202e+03 2.15492182375144914e+00
1.38062500000001371e+01 1.48552921982706794e+04 2.87189644947401803e+03 1.77271886477446969e+04 -1.56249999999995202e+03 2.14610946216585230e+00
1.38093750000001378e+01 1.48529719189885818e+04 2.86885241564042644e+03 1.77218243346290074e+04 -1.56249999999995180e+03 2.13726810733882999e+00
1.38125000000001386e+01 1.48506776182040776e+04 2.86579399295935491e+03 1.77164716111634334e+04 -1.56249999999995202e+03 2.12839784106353536e+00
1.38156250000001393e+01 1.48484090971103851e+04 2.86272156722542240e+03 1.77111306643358075e+04 -1.56249999999995225e+03 2.11949874621374379e+00
1.38187500000001400e+01 1.48461661540564455e+04 2.85963552691513132e+03 1.77058016809715773e+04 -1.56249999999995225e+03 2.11057090675102987e+00
1.38218750000001407e+01 1.48439485845949512e+04 2.85653626312490451e+03 1.77004848477198539e+04 -1.56249999999995225e+03 2.10161440773197983e+00
1.38250000000001414e+01 1.48417561815323152e+04 2.85342416950722236e+03 1.76951803510395366e+04 -1.56249999999995248e+03 2.09262933531545370e+00
1.38281250000001421e+01 1.48395887349805871e+04 2.85029964220480269e+03 1.76898883771853907e+04 -1.56249999999995225e+03 2.08361577676988041e+00
1.38312500000001428e+01 1.48374460324112279e+04 2.84716307978294253e+03 1.76846091121941718e+04 -1.56249999999995225e+03 2.07457382048061811e+00
1.38343750000001435e+01 1.48353278587104596e+04 2.84401488316023688e+03 1.76793427418706960e+04 -1.56249999999995248e+03 2.06550355595736290e+00
1.38375000000001442e+01 1.48332339962359456e+04 2.84085545553803058e+03 1.76740894517739762e+04 -1.56249999999995248e+03 2.05640507384161397e+00
1.38406250000001450e+01 1.48311642248743519e+04 2.83768520232896208e+03 1.76688494272033131e+04 -1.56249999999995248e+03 2.04727846591421780e+00
1.38437500000001457e+01 1.48291183220993771e+04 2.83450453108502279e+03 1.76636228531843990e+04 -1.56249999999995202e+03 2.03812382510296741e+00
1.38468750000001464e+01 1.48270960630299214e+04 2.83131385142551517e+03 1.76584099144554348e+04 -1.56249999999995225e+03 2.02894124549029042e+00
1.38500000000001471e+01 1.48250972204879836e+04 2.82811357496526034e+03 1.76532107954532439e+04 -1.56249999999995225e+03 2.01973082232101930e+00
1.38531250000001478e+01 1.48231215650560207e+04 2.82490411524335650e+03 1.76480256802993754e+04 -1.56249999999995225e+03 2.01049265201024108e+00
1.38562500000001485e+01 1.48211688651335389e+04 2.82168588765272762e+03 1.76428547527862684e+04 -1.56249999999995180e+03 2.00122683215125852e+00
1.38593750000001492e+01 1.48192388869926926e+04 2.81845930937062212e+03 1.76376981963633152e+04 -1.56249999999995180e+03 1.99193346152363926e+00
1.38625000000001499e+01 1.48173313948328778e+04 2.81522479929019073e+03 1.76325561941230699e+04 -1.56249999999995180e+03 1.98261264010138727e+00
1.38656250000001506e+01 1.48154461508342138e+04 2.81198277795316380e+03 1.76274289287873762e+04 -1.56249999999995180e+03 1.97326446906122399e+00
1.38687500000001513e+01 1.48135829152099013e+04 2.80873366748363105e+03 1.76223165826935328e+04 -1.56249999999995180e+03 1.96388905079100473e+00
1.38718750000001521e+01 1.48117414462576471e+04 2.80547789152282166e+03 1.76172193377804688e+04 -1.56249999999995180e+03 1.95448648889825960e+00
1.38750000000001528e+01 1.48099215004102280e+04 2.80221587516475574e+03 1.76121373755749846e+04 -1.56249999999995202e+03 1.94505688821888656e+00
1.38781250000001535e+01 1.48081228322853585e+04 2.79894804489255512e+03 1.76070708771779136e+04 -1.56249999999995180e+03 1.93560035482599413e+00
1.38812500000001542e+01 1.48063451947352769e+04 2.79567482851516888e+03 1.76020200232504467e+04 -1.56249999999995157e+03 1.92611699603890707e+00
1.38843750000001549e+01 1.48045883388961138e+04 2.79239665510422492e+03 1.75969849940003405e+04 -1.56249999999995180e+03 1.91660692043234793e+00
1.38875000000001556e+01 1.48028520142375346e+04 2.78911395493071950e+03 1.75919659691682537e+04 -1.56249999999995134e+03 1.90707023784579932e+00
1.38906250000001563e+01 1.48011359686128380e+04 2.78582715940125399e+03 1.75869631280140929e+04 -1.56249999999995157e+03 1.89750705939306430e+00
1.38937500000001570e+01 1.47994399483098005e+04 2.78253670099358078e+03 1.75819766493033821e+04 -1.56249999999995157e+03 1.88791749747203474e+00
1.38968750000001577e+01 1.47977636981023988e+04 2.77924301319129563e+03 1.75770067112936958e+04 -1.56249999999995134e+03 1.87830166577467894e+00
1.39000000000001585e+01 1.47961069613035670e+04 2.77594653041757329e+03 1.75720534917211407e+04 -1.56249999999995134e+03 1.86865967929726162e+00
1.39031250000001592e+01 1.47944694798188775e+04 2.77264768796800536e+03 1.75671171677868842e+04 -1.56249999999995134e+03 1.85899165435081448e+00
1.39062500000001599e+01 1.47928509942010314e+04 2.76934692194265790e+03 1.75621979161436902e+04 -1.56249999999995157e+03 1.84929770857186582e+00
1.39093750000001606e+01 1.47912512437050227e+04 2.76604466917759419e+03 1.75572959128826187e+04 -1.56249999999995180e+03 1.83957796093344728e+00
1.39125000000001613e+01 1.47896699663434611e+04 2.76274136717617603e+03 1.75524113335196380e+04 -1.56249999999995180e+03 1.82983253175639859e+00
1.39156250000001620e+01 1.47881068989418945e+04 2.75943745404048605e+03 1.75475443529823824e+04 -1.56249999999995180e+03 1.82006154272097609e+00
1.39187500000001627e+01 1.47865617771937159e+04 2.75613336840318607e+03 1.75426951455969029e+04 -1.56249999999995180e+03 1.81026511687879110e+00
1.39218750000001634e+01 1.47850343357144375e+04 2.75282954936007673e+03 1.75378638850745156e+04 -1.56249999999995202e+03 1.80044337866510107e+00
1.39250000000001641e+01 1.47835243080951259e+04 2.74952643640347287e+03 1.75330507444985997e+04 -1.56249999999995202e+03 1.79059645391145272e+00
1.39281250000001648e+01 1.47820314269551745e+04 2.74622446935636663e+03 1.75282558963115407e+04 -1.56249999999995225e+03 1.78072446985873412e+00
1.39312500000001656e+01 1.47805554239944649e+04 2.74292408830716477e+03 1.75234795123016302e+04 -1.56249999999995202e+03 1.77082755517060897e+00
1.39343750000001663e+01 1.47790960300454481e+04 2.73962573354462620e+03 1.75187217635900743e+04 -1.56249999999995225e+03 1.76090583994740579e+00
1.39375000000001670e+01 1.47776529751255202e+04 2.73632984549249295e+03 1.75139828206180136e+04 -1.56249999999995248e+03 1.75095945574044731e+00
1.39406250000001677e+01 1.47762259884903851e+04 2.73303686464324028e+03 1.75092628531336268e+04 -1.56249999999995271e+03 1.74098853556686572e+00
1.39437500000001684e+01 1.47748147986888907e+04 2.72974723149040801e+03 1.75045620301792987e+04 -1.56249999999995248e+03 1.73099321392492733e+00
1.39468750000001691e+01 1.47734191336198128e+04 2.72646138645905467e+03 1.74998805200788665e+04 -1.56249999999995271e+03 1.72097362680988963e+00
1.39500000000001698e+01 1.47720387205908610e+04 2.72317976983409790e+03 1.74952184904249589e+04 -1.56249999999995316e+03 1.71092991173042197e+00
1.39531250000001705e+01 1.47706732863798661e+04 2.71990282168652629e+03 1.74905761080663942e+04 -1.56249999999995248e+03 1.70086220772562347e+00
1.39562500000001712e+01 1.47693225572979500e+04 2.71663098179777171e+03 1.74859535390957208e+04 -1.56249999999995271e+03 1.69077065538267246e+00
1.39593750000001720e+01 1.47679862592540212e+04 2.71336468958277146e+03 1.74813509488367927e+04 -1.56249999999995293e+03 1.68065539685513254e+00
1.39625000000001727e+01 1.47666641178199825e+04 2.71010438401247666e+03 1.74767685018324592e+04 -1.56249999999995248e+03 1.67051657588196312e+00
1.39656250000001734e+01 1.47653558582956521e+04 2.70685050353667475e+03 1.74722063618323264e+04 -1.56249999999995248e+03 1.66035433780726316e+00
1.39687500000001741e+01 1.47640612057725684e+04 2.70360348600800762e+03 1.74676646917805774e+04 -1.56249999999995271e+03 1.65016882960079880e+00
1.39718750000001748e+01 1.47627798851958960e+04 2.70036376860795053e+03 1.74631436538038470e+04 -1.56249999999995248e+03 1.63996019987934449e+00
1.39750000000001755e+01 1.47615116214239006e+04 2.69713178777530447e+03 1.74586434091992051e+04 -1.56249999999995225e+03 1.62972859892889299e+00
1.39781250000001762e+01 1.47602561392846674e+04 2.69390797913746337e+03 1.74541641184221298e+04 -1.56249999999995225e+03 1.61947417872778110e+00
1.39812500000001769e+01 1.47590131636301976e+04 2.69069277744439842e+03 1.74497059410745969e+04 -1.56249999999995225e+03 1.60919709297077573e+00
1.39843750000001776e+01 1.47577824193882261e+04 2.68748661650498025e+03 1.74452690358932050e+04 -1.56249999999995225e+03 1.59889749709416895e+00
1.39875000000001783e+01 1.47565636316123819e+04 2.68428992912501690e+03 1.74408535607373997e+04 -1.56249999999995225e+03 1.58857554830196412e+00
1.39906250000001791e+01 1.47553565255315389e+04 2.68110314704622670e+03 1.74364596725777665e+04 -1.56249999999995225e+03 1.57823140559317099e+00
1.39937500000001798e+01 1.47541608265991272e+04 2.67792670088531986e+03 1.74320875274844475e+04 -1.56249999999995225e+03 1.56786522979031151e+00
1.39968750000001805e+01 1.47529762605432097e+04 2.67476102007243571e+03 1.74277372806156454e+04 -1.56249999999995202e+03 1.55747718356917475e+00
1.40000000000001812e+01 1.47518025534178996e+04 2.67160653278835434e+03 1.74234090862062549e+04 -1.56249999999995180e+03 1.54706743148991022e+00
1.40031250000001819e+01 1.47506394316564820e+04 2.66846366590012985e+03 1.74191030975566100e+04 -1.56249999999995180e+03 1.53663614002951587e+00
1.40062500000001826e+01 1.47494866221262637e+04 2.66533284489507241e+03 1.74148194670213343e+04 -1.56249999999995180e+03 1.52618347761582318e+00
1.40093750000001833e+01 1.47483438521851185e+04 2.66221449381323600e+03 1.74105583459983536e+04 -1.56249999999995180e+03 1.51570961466302734e+00
1.40125000000001840e+01 1.47472108497391473e+04 2.65910903517877068e+03 1.74063198849179171e+04 -1.56249999999995134e+03 1.50521472360889264e+00
1.40156250000001847e+01 1.47460873433012057e+04 2.65601688993063544e+03 1.74021042332318393e+04 -1.56249999999995134e+03 1.49469897895369086e+00
1.40187500000001855e+01 1.47449730620495866e+04 2.65293847735318013e+03 1.73979115394027685e+04 -1.56249999999995134e+03 1.48416255730099200e+00
1.40218750000001862e+01 1.47438677358864534e+04 2.64987421500709388e+03 1.73937419508935491e+04 -1.56249999999995134e+03 1.47360563740040673e+00
1.40250000000001869e+01 1.47427710954955892e+04 2.64682451866109750e+03 1.73895956141566858e+04 -1.56249999999995111e+03 1.46302840019238700e+00
1.40281250000001876e+01 1.47416828723992767e+04 2.64378980222464543e+03 1.73854726746239212e+04 -1.56249999999995089e+03 1.45243102885521802e+00
1.40312500000001883e+01 1.47406027990140938e+04 2.64077047768177590e+03 1.73813732766958710e+04 -1.56249999999995089e+03 1.44181370885430771e+00
1.40343750000001890e+01 1.47395306087056415e+04 2.63776695502612620e+03 1.73772975637317686e+04 -1.56249999999995089e+03 1.43117662799392398e+00
1.40375000000001897e+01 1.47384660358422425e+04 2.63477964219710020e+03 1.73732456780393441e+04 -1.56249999999995089e+03 1.42051997647151329e+00
1.40406250000001904e+01 1.47374088158476516e+04 2.63180894501712646e+03 1.73692177608647762e+04 -1.56249999999995089e+03 1.40984394693475568e+00
1.40437500000001911e+01 1.47363586852528006e+04 2.62885526712998126e+03 1.73652139523827827e+04 -1.56249999999995089e+03 1.39914873454151834e+00
1.40468750000001918e+01 1.47353153817465773e+04 2.62591900994020943e+03 1.73612343916867867e+04 -1.56249999999995089e+03 1.38843453702287123e+00
1.40500000000001926e+01 1.47342786442256056e+04 2.62300057255368347e+03 1.73572792167792904e+04 -1.56249999999995066e+03 1.37770155474935829e+00
1.40531250000001933e+01 1.47332482128428128e+04 2.62010035171940945e+03 1.73533485645622204e+04 -1.56249999999995089e+03 1.36694999080071322e+00
1.40562500000001940e+01 1.47322238290549212e+04 2.61721874177261725e+03 1.73494425708275376e+04 -1.56249999999995089e+03 1.35618005103922901e+00
1.40593750000001947e+01 1.47312052356686672e+04 2.61435613457916952e+03 1.73455613702478367e+04 -1.56249999999995089e+03 1.34539194418700081e+00
1.40625000000001954e+01 1.47301921768859393e+04 2.61151291948115795e+03 1.73417050963670990e+04 -1.56249999999995089e+03 1.33458588190728222e+00
1.40656250000001961e+01 1.47291843983480903e+04 2.60868948324347821e+03 1.73378738815915676e+04 -1.56249999999995111e+03 1.32376207889020492e+00
1.40687500000001968e+01 1.47281816471797119e+04 2.60588621000099920e+03 1.73340678571807111e+04 -1.56249999999995089e+03 1.31292075294313126e+00
1.40718750000001975e+01 1.47271836720324518e+04 2.60310348120584695e+03 1.73302871532382997e+04 -1.56249999999995111e+03 1.30206212508593322e+00
1.40750000000001982e+01 1.47261902231293352e+04 2.60034167557426827e+03 1.73265318987036044e+04 -1.56249999999995089e+03 1.29118641965149661e+00
1.40781250000001990e+01 1.47252010523102290e+04 2.59760116903251992e+03 1.73228022213427503e+04 -1.56249999999995089e+03 1.28029386439179116e+00
1.40812500000001997e+01 1.47242159130788241e+04 2.59488233466132624e+03 1.73190982477401485e+04 -1.56249999999995111e+03 1.26938469058986048e+00
1.40843750000002004e+01 1.47232345606515373e+04 2.59218554263857823e+03 1.73154201032901146e+04 -1.56249999999995134e+03 1.25845913317808922e+00
1.40875000000002011e+01 1.47222567520084322e+04 2.58951116018015864e+03 1.73117679121885922e+04 -1.56249999999995134e+03 1.24751743086319444e+00
1.40906250000002018e+01 1.47212822459460567e+04 2.58685955147897675e+03 1.73081417974250326e+04 -1.56249999999995111e+03 1.23655982625833105e+00
1.40937500000002025e+01 1.47203108031319061e+04 2.58423107764253382e+03 1.73045418807744391e+04 -1.56249999999995134e+03 1.22558656602281379e+00
1.40968750000002032e+01 1.47193421861599545e+04 2.58162609662949217e+03 1.73009682827894467e+04 -1.56249999999995089e+03 1.21459790100994214e+00
1.41000000000002039e+01 1.47183761596068071e+04 2.57904496318583779e+03 1.72974211227926462e+04 -1.56249999999995111e+03 1.20359408642346466e+00
1.41031250000002046e+01 1.47174124900876905e+04 2.57648802878125480e+03 1.72939005188689443e+04 -1.56249999999995089e+03 1.19257538198327562e+00
1.41062500000002053e+01 1.47164509463117920e+04 2.57395564154628119e+03 1.72904065878580732e+04 -1.56249999999995111e+03 1.18154205210095919e+00
1.41093750000002061e+01 1.47154912991365218e+04 2.57144814621067690e+03 1.72869394453471978e+04 -1.56249999999995134e+03 1.17049436606584356e+00
1.41125000000002068e+01 1.47145333216203599e+04 2.56896588404328486e+03 1.72834992056636438e+04 -1.56249999999995134e+03 1.15943259824231615e+00
1.41156250000002075e+01 1.47135767890742936e+04 2.56650919279344498e+03 1.72800859818677382e+04 -1.56249999999995134e+03 1.14835702827914532e+00
1.41187500000002082e+01 1.47126214791118800e+04 2.56407840663387060e+03 1.72766998857457511e+04 -1.56249999999995134e+03 1.13726794133167952e+00
1.41218750000002089e+01 1.47116671716982528e+04 2.56167385610473139e+03 1.72733410278029842e+04 -1.56249999999995134e+03 1.12616562829780675e+00
1.41250000000002096e+01 1.47107136491983656e+04 2.55929586805861754e+03 1.72700095172569818e+04 -1.56249999999995134e+03 1.11505038606867557e+00
1.41281250000002103e+01 1.47097606964248334e+04 2.55694476560604471e+03 1.72667054620308772e+04 -1.56249999999995134e+03 1.10392251779521944e+00
1.41312500000002110e+01 1.47088081006856664e+04 2.55462086806122306e+03 1.72634289687468881e+04 -1.56249999999995157e+03 1.09278233317163931e+00
1.41343750000002117e+01 1.47078556518320347e+04 2.55232449088791100e+03 1.72601801427199462e+04 -1.56249999999995180e+03 1.08163014873708652e+00
1.41375000000002125e+01 1.47069031423061842e+04 2.55005594564533021e+03 1.72569590879515163e+04 -1.56249999999995180e+03 1.07046628819687761e+00
1.41406250000002132e+01 1.47059503671892398e+04 2.54781553993424450e+03 1.72537659071234848e+04 -1.56249999999995157e+03 1.05929108276470441e+00
1.41437500000002139e+01 1.47049971242488446e+04 2.54560357734344007e+03 1.72506007015922842e+04 -1.56249999999995157e+03 1.04810487152741261e+00
1.41468750000002146e+01 1.47040432139861859e+04 2.54342035739689891e+03 1.72474635713830867e+04 -1.56249999999995180e+03 1.03690800183407195e+00
1.41500000000002153e+01 1.47030884396821530e+04 2.54126617550197443e+03 1.72443546151841292e+04 -1.56249999999995180e+03 1.02570082971117627e+00
1.41531250000002160e+01 1.47021326074424051e+04 2.53914132289882627e+03 1.72412739303412309e+04 -1.56249999999995180e+03 1.01448372030602219e+00
1.41562500000002167e+01 1.47011755262411316e+04 2.53704608661123893e+03 1.72382216128523723e+04 -1.56249999999995180e+03 1.00325704836043972e+00
1.41593750000002174e+01 1.47002170079635780e+04 2.53498074939882463e+03 1.72351977573624026e+04 -1.56249999999995180e+03 9.92021198717295549e-01
1.41625000000002181e+01 1.46992568674474714e+04 2.53294558971044353e+03 1.72322024571579168e+04 -1.56249999999995180e+03 9.80776566862349708e-01
1.41656250000002188e+01 1.46982949225236753e+04 2.53094088163853121e+03 1.72292358041622065e+04 -1.56249999999995157e+03 9.69523559504341104e-01
1.41687500000002196e+01 1.46973309940564686e+04 2.52896689487394269e+03 1.72262978889304104e+04 -1.56249999999995157e+03 9.58262595196378464e-01
1.41718750000002203e+01 1.46963649059838426e+04 2.52702389466090608e+03 1.72233888006447487e+04 -1.56249999999995180e+03 9.46994105002047726e-01
1.41750000000002210e+01 1.46953964853582092e+04 2.52511214175173063e+03 1.72205086271099390e+04 -1.56249999999995180e+03 9.35718533209939807e-01
1.41781250000002217e+01 1.46944255623877107e+04 2.52323189236105554e+03 1.72176574547487653e+04 -1.56249999999995134e+03 9.24436338100640853e-01
1.41812500000002224e+01 1.46934519704781869e+04 2.52138339811961805e+03 1.72148353685978036e+04 -1.56249999999995134e+03 9.13147992770652395e-01
1.41843750000002231e+01 1.46924755462755529e+04 2.51956690602774916e+03 1.72120424523033034e+04 -1.56249999999995111e+03 9.01853986018083642e-01
1.41875000000002238e+01 1.46914961297081827e+04 2.51778265840902850e+03 1.72092787881172117e+04 -1.56249999999995134e+03 8.90554823295478859e-01
1.41906250000002245e+01 1.46905135640286790e+04 2.51603089286471777e+03 1.72065444568933963e+04 -1.56249999999995111e+03 8.79251027735623358e-01
1.41937500000002252e+01 1.46895276958542145e+04 2.51431184222970569e+03 1.72038395380839211e+04 -1.56249999999995089e+03 8.67943141256795503e-01
1.41968750000002260e+01 1.46885383752048238e+04 2.51262573453072218e+03 1.72011641097355459e+04 -1.56249999999995089e+03 8.56631725754530615e-01
1.42000000000002267e+01 1.46875454555388224e+04 2.51097279294748932e+03 1.71985182484863108e+04 -1.56249999999995089e+03 8.45317364387709769e-01
1.42031250000002274e+01 1.46865487937848920e+04 2.50935323577731970e+03 1.71959020295622104e+04 -1.56249999999995089e+03 8.34000662967589124e-01
1.42062500000002281e+01 1.46855482503706753e+04 2.50776727640338959e+03 1.71933155267740658e+04 -1.56249999999995043e+03 8.22682251459230240e-01
1.42093750000002288e+01 1.46845436892477501e+04 2.50621512326664288e+03 1.71907588125143920e+04 -1.56249999999995043e+03 8.11362785605825088e-01
1.42125000000002295e+01 1.46835349779135649e+04 2.50469697984097729e+03 1.71882319577545422e+04 -1.56249999999995043e+03 8.00042948687485045e-01
1.42156250000002302e+01 1.46825219874307204e+04 2.50321304461109958e+03 1.71857350320418191e+04 -1.56249999999995043e+03 7.88723453427302434e-01
1.42187500000002309e+01 1.46815045924445658e+04 2.50176351105225785e+03 1.71832681034968227e+04 -1.56249999999995089e+03 7.77405044058861905e-01
1.42218750000002316e+01 1.46804826711999794e+04 2.50034856761095716e+03 1.71808312388109371e+04 -1.56249999999995043e+03 7.66088498570919096e-01
1.42250000000002323e+01 1.46794561055580871e+04 2.49896839768580730e+03 1.71784245032438957e+04 -1.56249999999995066e+03 7.54774631146683750e-01
1.42281250000002331e+01 1.46784247810138713e+04 2.49762317960772680e+03 1.71760479606215995e+04 -1.56249999999995089e+03 7.43464294817060889e-01
1.42312500000002338e+01 1.46773885867150584e+04 2.49631308661895491e+03 1.71737016733340133e+04 -1.56249999999995089e+03 7.32158384349392177e-01
1.42343750000002345e+01 1.46763474154827418e+04 2.49503828685053668e+03 1.71713857023332785e+04 -1.56249999999995089e+03 7.20857839395617761e-01
1.42375000000002352e+01 1.46753011638337630e+04 2.49379894329819581e+03 1.71691001071319588e+04 -1.56249999999995134e+03 7.09563647926543362e-01
1.42406250000002359e+01 1.46742497320046787e+04 2.49259521379673970e+03 1.71668449458014184e+04 -1.56249999999995134e+03 6.98276849981938730e-01
1.42437500000002366e+01 1.46731930239771063e+04 2.49142725099328254e+03 1.71646202749703880e+04 -1.56249999999995180e+03 6.86998541769623383e-01
1.42468750000002373e+01 1.46721309475039343e+04 2.49029520231970173e+03 1.71624261498236374e+04 -1.56249999999995180e+03 6.75729880150583329e-01
1.42500000000002380e+01 1.46710634141360351e+04 2.48919920996472229e+03 1.71602626241007565e+04 -1.56249999999995180e+03 6.64472087551512547e-01
1.42531250000002387e+01 1.46699903392491033e+04 2.48813941084603448e+03 1.71581297500951368e+04 -1.56249999999995180e+03 6.53226457351074319e-01
1.42562500000002395e+01 1.46689116420702721e+04 2.48711593658271750e+03 1.71560275786529892e+04 -1.56249999999995202e+03 6.41994359791730584e-01
1.42593750000002402e+01 1.46678272457043731e+04 2.48612891346817150e+03 1.71539561591725433e+04 -1.56249999999995225e+03 6.30777248475187235e-01
1.42625000000002409e+01 1.46667370771597161e+04 2.48517846244364227e+03 1.71519155396033602e+04 -1.56249999999995225e+03 6.19576667506558043e-01
1.42656250000002416e+01 1.46656410673733972e+04 2.48426469907235150e+03 1.71499057664457505e+04 -1.56249999999995225e+03 6.08394259360260814e-01
1.42687500000002423e+01 1.46645391512361439e+04 2.48338773351421742e+03 1.71479268847503627e+04 -1.56249999999995225e+03 5.97231773549574352e-01
1.42718750000002430e+01 1.46634312676167556e+04 2.48254767050112787e+03 1.71459789381178853e+04 -1.56249999999995202e+03 5.86091076191836202e-01
1.42750000000002437e+01 1.46623173593860920e+04 2.48174460931279327e+03 1.71440619686988866e+04 -1.56249999999995225e+03 5.74974160572590987e-01
1.42781250000002444e+01 1.46611973734405765e+04 2.48097864375322888e+03 1.71421760171938040e+04 -1.56249999999995225e+03 5.63883158824668329e-01
1.42812500000002451e+01 1.46600712607250462e+04 2.48024986212801014e+03 1.71403211228530563e+04 -1.56249999999995225e+03 5.52820354852463058e-01
1.42843750000002458e+01 1.46589389762548362e+04 2.47955834722247300e+03 1.71384973234773097e+04 -1.56249999999995225e+03 5.41788198647661146e-01
1.42875000000002466e+01 1.46578004791367784e+04 2.47890417628108116e+03 1.71367046554178596e+04 -1.56249999999995225e+03 5.30789322160463928e-01
1.42906250000002473e+01 1.46566557325890117e+04 2.47828742098817111e+03 1.71349431535771837e+04 -1.56249999999995202e+03 5.19826556910248483e-01
1.42937500000002480e+01 1.46555047039592482e+04 2.47770814745029384e+03 1.71332128514095421e+04 -1.56249999999995202e+03 5.08902953541528591e-01
1.42968750000002487e+01 1.46543473647415030e+04 2.47716641618032554e+03 1.71315137809218286e+04 -1.56249999999995202e+03 4.98021803555341369e-01
1.43000000000002494e+01 1.46531836905909713e+04 2.47666228208346547e+03 1.71298459726744368e+04 -1.56249999999995202e+03 4.87186663472578496e-01
1.43031250000002501e+01 1.46520136613370996e+04 2.47619579444523424e+03 1.71282094557823330e+04 -1.56249999999995225e+03 4.76401381714377070e-01
1.43062500000002508e+01 1.46508372609947164e+04 2.47576699692150805e+03 1.71266042579162240e+04 -1.56249999999995202e+03 4.65670128515234372e-01
1.43093750000002515e+01 1.46496544777732270e+04 2.47537592753064564e+03 1.71250304053038708e+04 -1.56249999999995225e+03 4.54997429216423110e-01
1.43125000000002522e+01 1.46484653040838184e+04 2.47502261864772026e+03 1.71234879227315396e+04 -1.56249999999995225e+03 4.44388201319972420e-01
1.43156250000002530e+01 1.46472697365446838e+04 2.47470709700086400e+03 1.71219768335455483e+04 -1.56249999999995225e+03 4.33847795715525564e-01
1.43187500000002537e+01 1.46460677759842838e+04 2.47442938366972612e+03 1.71204971596540090e+04 -1.56249999999995225e+03 4.23382042522055468e-01
1.43218750000002544e+01 1.46448594274426432e+04 2.47418949408599974e+03 1.71190489215286434e+04 -1.56249999999995225e+03 4.12997302010911782e-01
1.43250000000002551e+01 1.46436447001708093e+04 2.47398743803592470e+03 1.71176321382067326e+04 -1.56249999999995225e+03 4.02700521092164865e-01
1.43281250000002558e+01 1.46424236076286052e+04 2.47382321966460950e+03 1.71162468272932165e+04 -1.56249999999995225e+03 3.92499295847197116e-01
1.43312500000002565e+01 1.46411961674809318e+04 2.47369683748193256e+03 1.71148930049628652e+04 -1.56249999999995180e+03 3.82401940569538468e-01
1.43343750000002572e+01 1.46399624015929494e+04 2.47360828436970769e+03 1.71135706859626589e+04 -1.56249999999995180e+03 3.72417563722839906e-01
1.43375000000002579e+01 1.46387223360244334e+04 2.47355754758973490e+03 1.71122798836141665e+04 -1.56249999999995157e+03 3.62556151126079640e-01
1.43406250000002586e+01 1.46374760010238533e+04 2.47354460879233102e+03 1.71110206098161834e+04 -1.56249999999995180e+03 3.52828656513702488e-01
1.43437500000002593e+01 1.46362234310224430e+04 2.47356944402494901e+03 1.71097928750473911e+04 -1.56249999999995157e+03 3.43247099369467512e-01
1.43468750000002601e+01 1.46349646646286583e+04 2.47363202374054617e+03 1.71085966883692054e+04 -1.56249999999995180e+03 3.33824669568112298e-01
1.43500000000002608e+01 1.46336997446232253e+04 2.47373231280549226e+03 1.71074320574287194e+04 -1.56249999999995134e+03 3.24575837842959070e-01
1.43531250000002615e+01 1.46324287179548955e+04 2.47387027050693405e+03 1.71062989884618291e+04 -1.56249999999995134e+03 3.15516470387696868e-01
1.43562500000002622e+01 1.46311516357367491e+04 2.47404585055969847e+03 1.71051974862964489e+04 -1.56249999999995134e+03 3.06663944949161993e-01
1.43593750000002629e+01 1.46298685532428663e+04 2.47425900111299234e+03 1.71041275543558586e+04 -1.56249999999995157e+03 2.98037264524850354e-01
1.43625000000002636e+01 1.46285795299049332e+04 2.47450966475726182e+03 1.71030891946621960e+04 -1.56249999999995134e+03 2.89657163198856427e-01
1.43656250000002643e+01 1.46272846293083821e+04 2.47479777853168434e+03 1.71020824078400656e+04 -1.56249999999995111e+03 2.81546196703483742e-01
1.43687500000002650e+01 1.46259839191874780e+04 2.47512327393277792e+03 1.71011071931202569e+04 -1.56249999999995134e+03 2.73728807986126199e-01
1.43718750000002657e+01 1.46246774714189651e+04 2.47548607692458700e+03 1.71001635483435530e+04 -1.56249999999995134e+03 2.66231355458566743e-01
1.43750000000002665e+01 1.46233653620138884e+04 2.47588610795081649e+03 1.70992514699647036e+04 -1.56249999999995134e+03 2.59082088871638916e-01
1.43781250000002672e+01 1.46220476711072915e+04 2.47632328194914635e+03 1.70983709530564374e+04 -1.56249999999995111e+03 2.52311055194204326e-01
1.43812500000002679e+01 1.46207244829457923e+04 2.47679750836782387e+03 1.70975219913136170e+04 -1.56249999999995134e+03 2.45949914962987043e-01
1.43843750000002686e+01 1.46193958858730039e+04 2.47730869118447754e+03 1.70967045770574805e+04 -1.56249999999995134e+03 2.40031648994009056e-01
1.43875000000002693e+01 1.46180619723130549e+04 2.47785672892696357e+03 1.70959187012400180e+04 -1.56249999999995134e+03 2.34590136978295699e-01
1.43906250000002700e+01 1.46167228387524337e+04 2.47844151469599092e+03 1.70951643534484247e+04 -1.56249999999995134e+03 2.29659594287681401e-01
1.43937500000002707e+01 1.46153785857204712e+04 2.47906293618921700e+03 1.70944415219096882e+04 -1.56249999999995134e+03 2.25273862146252252e-01
1.43968750000002714e+01 1.46140293177687727e+04 2.47972087572650071e+03 1.70937501934952743e+04 -1.56249999999995134e+03 2.21465559604296036e-01
1.44000000000002721e+01 1.46126751434498819e+04 2.48041521027607450e+03 1.70930903537259583e+04 -1.56249999999995157e+03 2.18265123073830919e-01
