1.20031250000000007e+01 4.45932296811784701e-01 2.98988695323238153e+03 2.99033288552919339e+03 -1.98440170753914390e+03 1.48532784432266540e+00
1.20062500000000014e+01 4.44979252412476212e-01 2.98988790627478829e+03 2.99033288552720069e+03 -1.98440170753914390e+03 1.48532784432266518e+00
1.20093750000000021e+01 4.44019824449882639e-01 2.98988886569259830e+03 2.99033288551704800e+03 -1.98440170753914344e+03 1.48532784432266518e+00
1.20125000000000028e+01 4.43054143910670828e-01 2.98988983135499529e+03 2.99033288549890585e+03 -1.98440170753914344e+03 1.48532784432266585e+00
1.20156250000000036e+01 4.42082437468808376e-01 2.98989080303565834e+03 2.99033288547312713e+03 -1.98440170753914344e+03 1.48532784432266518e+00
1.20187500000000043e+01 4.41105023258675233e-01 2.98989178041697323e+03 2.99033288544023208e+03 -1.98440170753914344e+03 1.48532784432266562e+00
1.20218750000000050e+01 4.40122304662806385e-01 2.98989276309621528e+03 2.99033288540087824e+03 -1.98440170753914344e+03 1.48532784432266585e+00
1.20250000000000057e+01 4.39134762453766481e-01 2.98989375059337272e+03 2.99033288535582642e+03 -1.98440170753914322e+03 1.48532784432266585e+00
1.20281250000000064e+01 4.38142945726538724e-01 2.98989474236016804e+03 2.99033288530589471e+03 -1.98440170753914344e+03 1.48532784432266585e+00
1.20312500000000071e+01 4.37147462122867980e-01 2.98989573778979411e+03 2.99033288525191711e+03 -1.98440170753914367e+03 1.48532784432266540e+00
1.20343750000000078e+01 4.36148967870595872e-01 2.98989673622683040e+03 2.99033288519470079e+03 -1.98440170753914390e+03 1.48532784432266562e+00
1.20375000000000085e+01 4.35148158131941520e-01 2.98989773697686132e+03 2.99033288513499338e+03 -1.98440170753914413e+03 1.48532784432266585e+00
1.20406250000000092e+01 4.34145758074184596e-01 2.98989873931537977e+03 2.99033288507345378e+03 -1.98440170753914435e+03 1.48532784432266585e+00
1.20437500000000099e+01 4.33142514951102398e-01 2.98989974249569696e+03 2.99033288501064817e+03 -1.98440170753914481e+03 1.48532784432266585e+00
1.20468750000000107e+01 4.32139191327057581e-01 2.98990074575571771e+03 2.99033288494704493e+03 -1.98440170753914481e+03 1.48532784432266518e+00
1.20500000000000114e+01 4.31136559407328035e-01 2.98990174832363118e+03 2.99033288488303833e+03 -1.98440170753914481e+03 1.48532784432266562e+00
1.20531250000000121e+01 4.30135396279679005e-01 2.98990274942269343e+03 2.99033288481897307e+03 -1.98440170753914481e+03 1.48532784432266562e+00
1.20562500000000128e+01 4.29136479745164667e-01 2.98990374827543110e+03 2.99033288475517611e+03 -1.98440170753914481e+03 1.48532784432266607e+00
1.20593750000000135e+01 4.28140584338109198e-01 2.98990474410765682e+03 2.99033288469199488e+03 -1.98440170753914481e+03 1.48532784432266607e+00
1.20625000000000142e+01 4.27148477117625214e-01 2.98990573615270978e+03 2.99033288462982728e+03 -1.98440170753914435e+03 1.48532784432266607e+00
1.20656250000000149e+01 4.26160912857820096e-01 2.98990672365628825e+03 2.99033288456914624e+03 -1.98440170753914481e+03 1.48532784432266585e+00
1.20687500000000156e+01 4.25178628365019462e-01 2.98990770588214264e+03 2.99033288451050748e+03 -1.98440170753914413e+03 1.48532784432266585e+00
1.20718750000000163e+01 4.24202335792915997e-01 2.98990868211875932e+03 2.99033288445455219e+03 -1.98440170753914390e+03 1.48532784432266585e+00
1.20750000000000171e+01 4.23232714990763204e-01 2.98990965168699131e+03 2.99033288440198203e+03 -1.98440170753914413e+03 1.48532784432266629e+00
1.20781250000000178e+01 4.22270405082947053e-01 2.98991061394845656e+03 2.99033288435353961e+03 -1.98440170753914390e+03 1.48532784432266562e+00
1.20812500000000185e+01 4.21315995619316874e-01 2.98991156831434546e+03 2.99033288430996481e+03 -1.98440170753914413e+03 1.48532784432266496e+00
1.20843750000000192e+01 4.20370017737560553e-01 2.98991251425421797e+03 2.99033288427195566e+03 -1.98440170753914390e+03 1.48532784432266562e+00
1.20875000000000199e+01 4.19432935831180020e-01 2.98991345130429545e+03 2.99033288424012653e+03 -1.98440170753914390e+03 1.48532784432266562e+00
1.20906250000000206e+01 4.18505140216320626e-01 2.98991437907475574e+03 2.99033288421497218e+03 -1.98440170753914390e+03 1.48532784432266562e+00
1.20937500000000213e+01 4.17586941241888776e-01 2.98991529725559212e+03 2.99033288419683413e+03 -1.98440170753914458e+03 1.48532784432266496e+00
1.20968750000000220e+01 4.16678565199914752e-01 2.98991620562068510e+03 2.99033288418588518e+03 -1.98440170753914504e+03 1.48532784432266540e+00
1.21000000000000227e+01 4.15780152280267323e-01 2.98991710402983244e+03 2.99033288418211259e+03 -1.98440170753914458e+03 1.48532784432266585e+00
1.21031250000000234e+01 4.14891756690455971e-01 2.98991799242863681e+03 2.99033288418532720e+03 -1.98440170753914458e+03 1.48532784432266540e+00
1.21062500000000242e+01 4.14013348940839687e-01 2.98991887084622431e+03 2.99033288419516521e+03 -1.98440170753914435e+03 1.48532784432266585e+00
1.21093750000000249e+01 4.13144820189288553e-01 2.98991973939091531e+03 2.99033288421110456e+03 -1.98440170753914435e+03 1.48532784432266585e+00
1.21125000000000256e+01 4.12285988454500263e-01 2.98992059824403850e+03 2.99033288423249314e+03 -1.98440170753914435e+03 1.48532784432266562e+00
1.21156250000000263e+01 4.11436606446670072e-01 2.98992144765211651e+03 2.99033288425856335e+03 -1.98440170753914435e+03 1.48532784432266540e+00
1.21187500000000270e+01 4.10596370727380144e-01 2.98992228791773641e+03 2.99033288428846390e+03 -1.98440170753914413e+03 1.48532784432266562e+00
1.21218750000000277e+01 4.09764931892833972e-01 2.98992311938939201e+03 2.99033288432128484e+03 -1.98440170753914390e+03 1.48532784432266562e+00
1.21250000000000284e+01 4.08941905469864531e-01 2.98992394245061178e+03 2.99033288435608165e+03 -1.98440170753914344e+03 1.48532784432266585e+00
1.21281250000000291e+01 4.08126883215395087e-01 2.98992475750868743e+03 2.99033288439190301e+03 -1.98440170753914299e+03 1.48532784432266607e+00
1.21312500000000298e+01 4.07319444511736461e-01 2.98992556498330123e+03 2.99033288442781304e+03 -1.98440170753914299e+03 1.48532784432266585e+00
1.21343750000000306e+01 4.06519167548599902e-01 2.98992636529537322e+03 2.99033288446292181e+03 -1.98440170753914299e+03 1.48532784432266540e+00
1.21375000000000313e+01 4.05725639978813668e-01 2.98992715885643156e+03 2.99033288449641032e+03 -1.98440170753914254e+03 1.48532784432266562e+00
1.21406250000000320e+01 4.04938468731962264e-01 2.98992794605882000e+03 2.99033288452755187e+03 -1.98440170753914254e+03 1.48532784432266562e+00
1.21437500000000327e+01 4.04157288675941972e-01 2.98992872726706901e+03 2.99033288455574484e+03 -1.98440170753914231e+03 1.48532784432266562e+00
1.21468750000000334e+01 4.03381769838653925e-01 2.98992950281068761e+03 2.99033288458052630e+03 -1.98440170753914276e+03 1.48532784432266585e+00
1.21500000000000341e+01 4.02611622948185921e-01 2.98993027297863864e+03 2.99033288460158701e+03 -1.98440170753914254e+03 1.48532784432266540e+00
1.21531250000000348e+01 4.01846603123582169e-01 2.98993103801565576e+03 2.99033288461877919e+03 -1.98440170753914322e+03 1.48532784432266540e+00
1.21562500000000355e+01 4.01086511648168498e-01 2.98993179812046583e+03 2.99033288463211420e+03 -1.98440170753914299e+03 1.48532784432266518e+00
1.21593750000000362e+01 4.00331195875701817e-01 2.98993255344586578e+03 2.99033288464174166e+03 -1.98440170753914344e+03 1.48532784432266496e+00
1.21625000000000369e+01 3.99580547442986211e-01 2.98993330410048884e+03 2.99033288464793168e+03 -1.98440170753914344e+03 1.48532784432266451e+00
1.21656250000000377e+01 3.98834499074480153e-01 2.98993405015196640e+03 2.99033288465104079e+03 -1.98440170753914322e+03 1.48532784432266540e+00
1.21687500000000384e+01 3.98093020347317639e-01 2.98993479163112988e+03 2.99033288465147734e+03 -1.98440170753914344e+03 1.48532784432266407e+00
1.21718750000000391e+01 3.97356112825473784e-01 2.98993552853684469e+03 2.99033288464967018e+03 -1.98440170753914322e+03 1.48532784432266451e+00
1.21750000000000398e+01 3.96623804961729942e-01 2.98993626084107427e+03 2.99033288464603584e+03 -1.98440170753914299e+03 1.48532784432266451e+00
1.21781250000000405e+01 3.95896147106827301e-01 2.98993698849385646e+03 2.99033288464096313e+03 -1.98440170753914322e+03 1.48532784432266518e+00
1.21812500000000412e+01 3.95173206866382742e-01 2.98993771142793366e+03 2.99033288463479994e+03 -1.98440170753914344e+03 1.48532784432266496e+00
1.21843750000000419e+01 3.94455064925126941e-01 2.98993842956292883e+03 2.99033288462785413e+03 -1.98440170753914344e+03 1.48532784432266540e+00
1.21875000000000426e+01 3.93741811336145942e-01 2.98993914280906756e+03 2.99033288462040355e+03 -1.98440170753914390e+03 1.48532784432266496e+00
1.21906250000000433e+01 3.93033542171869532e-01 2.98993985107053777e+03 2.99033288461270968e+03 -1.98440170753914344e+03 1.48532784432266496e+00
1.21937500000000441e+01 3.92330356371245026e-01 2.98994055424866019e+03 2.99033288460503127e+03 -1.98440170753914344e+03 1.48532784432266451e+00
1.21968750000000448e+01 3.91632352604084910e-01 2.98994125224503750e+03 2.99033288459764162e+03 -1.98440170753914344e+03 1.48532784432266540e+00
1.22000000000000455e+01 3.90939626009919494e-01 2.98994194496481714e+03 2.99033288459082723e+03 -1.98440170753914344e+03 1.48532784432266496e+00
1.22031250000000462e+01 3.90252264745765631e-01 2.98994263232014328e+03 2.99033288458488914e+03 -1.98440170753914367e+03 1.48532784432266496e+00
1.22062500000000469e+01 3.89570346378378951e-01 2.98994331423375434e+03 2.99033288458013294e+03 -1.98440170753914344e+03 1.48532784432266474e+00
1.22093750000000476e+01 3.88893934260068741e-01 2.98994399064258414e+03 2.99033288457684421e+03 -1.98440170753914367e+03 1.48532784432266429e+00
1.22125000000000483e+01 3.88223074111333388e-01 2.98994466150116023e+03 2.99033288457527169e+03 -1.98440170753914413e+03 1.48532784432266429e+00
1.22156250000000490e+01 3.87557791079965963e-01 2.98994532678451878e+03 2.99033288457559865e+03 -1.98440170753914367e+03 1.48532784432266451e+00
1.22187500000000497e+01 3.86898087544773339e-01 2.98994598649038562e+03 2.99033288457793060e+03 -1.98440170753914367e+03 1.48532784432266429e+00
1.22218750000000504e+01 3.86243941881432795e-01 2.98994664064039716e+03 2.99033288458227844e+03 -1.98440170753914413e+03 1.48532784432266429e+00
1.22250000000000512e+01 3.85595308317414509e-01 2.98994728928024551e+03 2.99033288458856305e+03 -1.98440170753914390e+03 1.48532784432266451e+00
1.22281250000000519e+01 3.84952117889415635e-01 2.98994793247872894e+03 2.99033288459661844e+03 -1.98440170753914367e+03 1.48532784432266496e+00
1.22312500000000526e+01 3.84314280401707620e-01 2.98994857032581058e+03 2.99033288460621225e+03 -1.98440170753914390e+03 1.48532784432266540e+00
1.22343750000000533e+01 3.83681687189051601e-01 2.98994920292987763e+03 2.99033288461706661e+03 -1.98440170753914344e+03 1.48532784432266540e+00
1.22375000000000540e+01 3.83054214430193440e-01 2.98994983041445039e+03 2.99033288462888049e+03 -1.98440170753914344e+03 1.48532784432266518e+00
1.22406250000000547e+01 3.82431726746823686e-01 2.98995045291459974e+03 2.99033288464134648e+03 -1.98440170753914344e+03 1.48532784432266518e+00
1.22437500000000554e+01 3.81814080857522997e-01 2.98995107057331279e+03 2.99033288465417036e+03 -1.98440170753914299e+03 1.48532784432266540e+00
1.22468750000000561e+01 3.81201129126932547e-01 2.98995168353794270e+03 2.99033288466706972e+03 -1.98440170753914299e+03 1.48532784432266518e+00
1.22500000000000568e+01 3.80592722939995853e-01 2.98995229195683760e+03 2.99033288467977764e+03 -1.98440170753914299e+03 1.48532784432266451e+00
1.22531250000000576e+01 3.79988715919491737e-01 2.98995289597611327e+03 2.99033288469203262e+03 -1.98440170753914344e+03 1.48532784432266496e+00
1.22562500000000583e+01 3.79388967072603112e-01 2.98995349573649855e+03 2.99033288470357138e+03 -1.98440170753914344e+03 1.48532784432266540e+00
1.22593750000000590e+01 3.78793343984080322e-01 2.98995409137013030e+03 2.99033288471411424e+03 -1.98440170753914344e+03 1.48532784432266540e+00
1.22625000000000597e+01 3.78201726162196883e-01 2.98995468299720324e+03 2.99033288472336562e+03 -1.98440170753914344e+03 1.48532784432266518e+00
1.22656250000000604e+01 3.77614008590199945e-01 2.98995527072242339e+03 2.99033288473101356e+03 -1.98440170753914344e+03 1.48532784432266451e+00
1.22687500000000611e+01 3.77030105449309760e-01 2.98995585463129464e+03 2.99033288473674384e+03 -1.98440170753914390e+03 1.48532784432266474e+00
1.22718750000000618e+01 3.76449953875273802e-01 2.98995643478638249e+03 2.99033288474025767e+03 -1.98440170753914413e+03 1.48532784432266496e+00
1.22750000000000625e+01 3.75873517507809729e-01 2.98995701122379296e+03 2.99033288474130086e+03 -1.98440170753914458e+03 1.48532784432266496e+00
1.22781250000000632e+01 3.75300789510906008e-01 2.98995758395018129e+03 2.99033288473969242e+03 -1.98440170753914435e+03 1.48532784432266496e+00
1.22812500000000639e+01 3.74731794698830001e-01 2.98995815294065869e+03 2.99033288473535731e+03 -1.98440170753914435e+03 1.48532784432266540e+00
1.22843750000000647e+01 3.74166590409647504e-01 2.98995871813794156e+03 2.99033288472835102e+03 -1.98440170753914481e+03 1.48532784432266518e+00
1.22875000000000654e+01 3.73605265829955235e-01 2.98995927945304356e+03 2.99033288471887363e+03 -1.98440170753914481e+03 1.48532784432266496e+00
1.22906250000000661e+01 3.73047939587862087e-01 2.98995983676768492e+03 2.99033288470727257e+03 -1.98440170753914458e+03 1.48532784432266474e+00
1.22937500000000668e+01 3.72494755584641790e-01 2.98996038993844968e+03 2.99033288469403442e+03 -1.98440170753914481e+03 1.48532784432266540e+00
1.22968750000000675e+01 3.71945877210543396e-01 2.98996093880254102e+03 2.99033288467975171e+03 -1.98440170753914435e+03 1.48532784432266518e+00
1.23000000000000682e+01 3.71401480263814476e-01 2.98996148318482574e+03 2.99033288466508975e+03 -1.98440170753914481e+03 1.48532784432266496e+00
1.23031250000000689e+01 3.70861745039355262e-01 2.98996202290569363e+03 2.99033288465073292e+03 -1.98440170753914390e+03 1.48532784432266496e+00
1.23062500000000696e+01 3.70326848151677324e-01 2.98996255778918976e+03 2.99033288463734152e+03 -1.98440170753914435e+03 1.48532784432266451e+00
1.23093750000000703e+01 3.69796954688906665e-01 2.98996308767080973e+03 2.99033288462549854e+03 -1.98440170753914390e+03 1.48532784432266496e+00
1.23125000000000711e+01 3.69272211252381299e-01 2.98996361240442366e+03 2.99033288461567599e+03 -1.98440170753914390e+03 1.48532784432266496e+00
1.23156250000000718e+01 3.68752740323026462e-01 2.98996413186788732e+03 2.99033288460821041e+03 -1.98440170753914413e+03 1.48532784432266496e+00
1.23187500000000725e+01 3.68238636226020211e-01 2.98996464596707119e+03 2.99033288460329732e+03 -1.98440170753914390e+03 1.48532784432266451e+00
1.23218750000000732e+01 3.67729962764247909e-01 2.98996515463823971e+03 2.99033288460100403e+03 -1.98440170753914390e+03 1.48532784432266540e+00
1.23250000000000739e+01 3.67226752390343802e-01 2.98996565784890208e+03 2.99033288460129233e+03 -1.98440170753914458e+03 1.48532784432266496e+00
1.23281250000000746e+01 3.66729006619691322e-01 2.98996615559743350e+03 2.99033288460405311e+03 -1.98440170753914390e+03 1.48532784432266451e+00
1.23312500000000753e+01 3.66236697281199619e-01 2.98996664791186504e+03 2.99033288460914628e+03 -1.98440170753914413e+03 1.48532784432266496e+00
1.23343750000000760e+01 3.65749768177695722e-01 2.98996713484825068e+03 2.99033288461642860e+03 -1.98440170753914390e+03 1.48532784432266474e+00
1.23375000000000767e+01 3.65268136787949504e-01 2.98996761648898337e+03 2.99033288462577138e+03 -1.98440170753914390e+03 1.48532784432266496e+00
1.23406250000000774e+01 3.64791695777330005e-01 2.98996809294129389e+03 2.99033288463707140e+03 -1.98440170753914344e+03 1.48532784432266496e+00
1.23437500000000782e+01 3.64320314269084566e-01 2.98996856433596349e+03 2.99033288465023270e+03 -1.98440170753914344e+03 1.48532784432266496e+00
1.23468750000000789e+01 3.63853839029041060e-01 2.98996903082611152e+03 2.99033288466514068e+03 -1.98440170753914344e+03 1.48532784432266518e+00
1.23500000000000796e+01 3.63392095894762401e-01 2.98996949258572658e+03 2.99033288468162118e+03 -1.98440170753914344e+03 1.48532784432266518e+00
1.23531250000000803e+01 3.62934891900654255e-01 2.98996994980750333e+03 2.99033288469940408e+03 -1.98440170753914322e+03 1.48532784432266540e+00
1.23562500000000810e+01 3.62482018587209021e-01 2.98997040269949275e+03 2.99033288471808009e+03 -1.98440170753914322e+03 1.48532784432266540e+00
1.23593750000000817e+01 3.62033256923347924e-01 2.98997085148015913e+03 2.99033288473708262e+03 -1.98440170753914322e+03 1.48532784432266540e+00
1.23625000000000824e+01 3.61588384119591433e-01 2.98997129637156058e+03 2.99033288475567997e+03 -1.98440170753914299e+03 1.48532784432266518e+00
1.23656250000000831e+01 3.61147182385706589e-01 2.98997173759060843e+03 2.99033288477299402e+03 -1.98440170753914344e+03 1.48532784432266451e+00
1.23687500000000838e+01 3.60709449420837547e-01 2.98997217533862022e+03 2.99033288478804116e+03 -1.98440170753914367e+03 1.48532784432266607e+00
1.23718750000000846e+01 3.60275010154964270e-01 2.98997260978963368e+03 2.99033288479978864e+03 -1.98440170753914344e+03 1.48532784432266518e+00
1.23750000000000853e+01 3.59843729026771697e-01 2.98997304107820946e+03 2.99033288480723604e+03 -1.98440170753914322e+03 1.48532784432266540e+00
1.23781250000000860e+01 3.59415521918489300e-01 2.98997346928756815e+03 2.99033288480948659e+03 -1.98440170753914367e+03 1.48532784432266496e+00
1.23812500000000867e+01 3.58990366796564708e-01 2.98997389443903648e+03 2.99033288480583315e+03 -1.98440170753914344e+03 1.48532784432266540e+00
1.23843750000000874e+01 3.58568312139152079e-01 2.98997431648367819e+03 2.99033288479581734e+03 -1.98440170753914367e+03 1.48532784432266540e+00
1.23875000000000881e+01 3.58149482364082228e-01 2.98997473529691706e+03 2.99033288477928136e+03 -1.98440170753914344e+03 1.48532784432266451e+00
1.23906250000000888e+01 3.57734079688516227e-01 2.98997515067670383e+03 2.99033288475639256e+03 -1.98440170753914344e+03 1.48532784432266540e+00
1.23937500000000895e+01 3.57322382127956695e-01 2.98997556234551166e+03 2.99033288472763979e+03 -1.98440170753914344e+03 1.48532784432266451e+00
1.23968750000000902e+01 3.56914737646034541e-01 2.98997596995616505e+03 2.99033288469381114e+03 -1.98440170753914367e+03 1.48532784432266518e+00
1.24000000000000909e+01 3.56511554763697336e-01 2.98997637310117898e+03 2.99033288465594251e+03 -1.98440170753914413e+03 1.48532784432266474e+00
1.24031250000000917e+01 3.56113290195929355e-01 2.98997677132506033e+03 2.99033288461525626e+03 -1.98440170753914390e+03 1.48532784432266518e+00
1.24062500000000924e+01 3.55720434280599740e-01 2.98997716413880335e+03 2.99033288457308390e+03 -1.98440170753914390e+03 1.48532784432266451e+00
1.24093750000000931e+01 3.55333495080753459e-01 2.98997755103571171e+03 2.99033288453079240e+03 -1.98440170753914435e+03 1.48532784432266585e+00
1.24125000000000938e+01 3.54952982072369638e-01 2.98997793150763709e+03 2.99033288448970961e+03 -1.98440170753914435e+03 1.48532784432266562e+00
1.24156250000000945e+01 3.54579390278675410e-01 2.98997830506078481e+03 2.99033288445106336e+03 -1.98440170753914481e+03 1.48532784432266518e+00
1.24187500000000952e+01 3.54213185593777846e-01 2.98997867123033939e+03 2.99033288441593322e+03 -1.98440170753914481e+03 1.48532784432266518e+00
1.24218750000000959e+01 3.53854791874456065e-01 2.98997902959334033e+03 2.99033288438521458e+03 -1.98440170753914481e+03 1.48532784432266540e+00
1.24250000000000966e+01 3.53504580195425633e-01 2.98997937977941183e+03 2.99033288435960731e+03 -1.98440170753914504e+03 1.48532784432266518e+00
1.24281250000000973e+01 3.53162860486174623e-01 2.98997972147911560e+03 2.99033288433960161e+03 -1.98440170753914504e+03 1.48532784432266496e+00
1.24312500000000981e+01 3.52829875618156097e-01 2.98998005444987120e+03 2.99033288432548943e+03 -1.98440170753914504e+03 1.48532784432266540e+00
1.24343750000000988e+01 3.52505797903727269e-01 2.98998037851946492e+03 2.99033288431736855e+03 -1.98440170753914481e+03 1.48532784432266496e+00
1.24375000000000995e+01 3.52190727906575962e-01 2.98998069358724842e+03 2.99033288431515484e+03 -1.98440170753914481e+03 1.48532784432266585e+00
1.24406250000001002e+01 3.51884695442068629e-01 2.98998099962314973e+03 2.99033288431859182e+03 -1.98440170753914458e+03 1.48532784432266496e+00
1.24437500000001009e+01 3.51587662651526522e-01 2.98998129666460545e+03 2.99033288432725703e+03 -1.98440170753914481e+03 1.48532784432266562e+00
1.24468750000001016e+01 3.51299529049723613e-01 2.98998158481152313e+03 2.99033288434057295e+03 -1.98440170753914435e+03 1.48532784432266540e+00
1.24500000000001023e+01 3.51020138452893815e-01 2.98998186421935998e+03 2.99033288435781287e+03 -1.98440170753914435e+03 1.48532784432266496e+00
1.24531250000001030e+01 3.50749287682435684e-01 2.98998213509043217e+03 2.99033288437811461e+03 -1.98440170753914413e+03 1.48532784432266451e+00
1.24562500000001037e+01 3.50486736901034879e-01 2.98998239766359347e+03 2.99033288440049455e+03 -1.98440170753914481e+03 1.48532784432266496e+00
1.24593750000001044e+01 3.50232221373951991e-01 2.98998265220250141e+03 2.99033288442387538e+03 -1.98440170753914481e+03 1.48532784432266585e+00
1.24625000000001052e+01 3.49985464365836052e-01 2.98998289898274925e+03 2.99033288444711525e+03 -1.98440170753914481e+03 1.48532784432266540e+00
1.24656250000001059e+01 3.49746190793232270e-01 2.98998313827825496e+03 2.99033288446904817e+03 -1.98440170753914481e+03 1.48532784432266562e+00
1.24687500000001066e+01 3.49514141167087677e-01 2.98998337034736005e+03 2.99033288448852727e+03 -1.98440170753914435e+03 1.48532784432266496e+00
1.24718750000001073e+01 3.49289085289081036e-01 2.98998359541918626e+03 2.99033288450447526e+03 -1.98440170753914481e+03 1.48532784432266540e+00
1.24750000000001080e+01 3.49070835119565881e-01 2.98998381368081482e+03 2.99033288451593444e+03 -1.98440170753914481e+03 1.48532784432266474e+00
1.24781250000001087e+01 3.48859256219999136e-01 2.98998402526589234e+03 2.99033288452211218e+03 -1.98440170753914435e+03 1.48532784432266518e+00
1.24812500000001094e+01 3.48654277193386208e-01 2.98998423024523618e+03 2.99033288452242959e+03 -1.98440170753914435e+03 1.48532784432266540e+00
1.24843750000001101e+01 3.48455896604964788e-01 2.98998442861994636e+03 2.99033288451655153e+03 -1.98440170753914435e+03 1.48532784432266540e+00
1.24875000000001108e+01 3.48264186962523425e-01 2.98998462031745203e+03 2.99033288450441432e+03 -1.98440170753914458e+03 1.48532784432266540e+00
1.24906250000001116e+01 3.48079295468946059e-01 2.98998480519076566e+03 2.99033288448623443e+03 -1.98440170753914481e+03 1.48532784432266585e+00
1.24937500000001123e+01 3.47901441423066393e-01 2.98998498302108419e+03 2.99033288446250708e+03 -1.98440170753914458e+03 1.48532784432266562e+00
1.24968750000001130e+01 3.47730910328655551e-01 2.98998515352364939e+03 2.99033288443397805e+03 -1.98440170753914481e+03 1.48532784432266496e+00
1.25000000000001137e+01 3.47568044961517775e-01 2.98998531635665313e+03 2.99033288440161459e+03 -1.98440170753914481e+03 1.48532784432266562e+00
1.25031250000001144e+01 3.47413233824632406e-01 2.98998547113272980e+03 2.99033288436655448e+03 -1.98440170753914481e+03 1.48532784432266496e+00
1.25062500000001151e+01 3.47266897573601629e-01 2.98998561743247228e+03 2.99033288433004600e+03 -1.98440170753914481e+03 1.48532784432266496e+00
1.25093750000001158e+01 3.47129474104062807e-01 2.98998575481928401e+03 2.99033288429338791e+03 -1.98440170753914481e+03 1.48532784432266585e+00
1.25125000000001165e+01 3.47001403048241563e-01 2.98998588285481628e+03 2.99033288425786441e+03 -1.98440170753914458e+03 1.48532784432266607e+00
1.25156250000001172e+01 3.46883110425202368e-01 2.98998600111426549e+03 2.99033288422469059e+03 -1.98440170753914458e+03 1.48532784432266629e+00
1.25187500000001180e+01 3.46774994131456682e-01 2.98998610920082820e+03 2.99033288419495966e+03 -1.98440170753914481e+03 1.48532784432266629e+00
1.25218750000001187e+01 3.46677410855439683e-01 2.98998620675875327e+03 2.99033288416960886e+03 -1.98440170753914435e+03 1.48532784432266562e+00
1.25250000000001194e+01 3.46590664865954134e-01 2.98998629348452641e+03 2.99033288414939216e+03 -1.98440170753914458e+03 1.48532784432266629e+00
1.25281250000001201e+01 3.46514998978929734e-01 2.98998636913588871e+03 2.99033288413486753e+03 -1.98440170753914435e+03 1.48532784432266629e+00
1.25312500000001208e+01 3.46450587866263371e-01 2.98998643353852685e+03 2.99033288412639331e+03 -1.98440170753914435e+03 1.48532784432266585e+00
1.25343750000001215e+01 3.46397533749605968e-01 2.98998648659038236e+03 2.99033288412413185e+03 -1.98440170753914481e+03 1.48532784432266585e+00
1.25375000000001222e+01 3.46355864429688021e-01 2.98998652826363286e+03 2.99033288412806269e+03 -1.98440170753914481e+03 1.48532784432266673e+00
1.25406250000001229e+01 3.46325533540383701e-01 2.98998655860444751e+03 2.99033288413798800e+03 -1.98440170753914481e+03 1.48532784432266562e+00
1.25437500000001236e+01 3.46306422881198173e-01 2.98998657773067225e+03 2.99033288415355355e+03 -1.98440170753914504e+03 1.48532784432266629e+00
1.25468750000001243e+01 3.46298346661499667e-01 2.98998658582759845e+03 2.99033288417426002e+03 -1.98440170753914481e+03 1.48532784432266585e+00
1.25500000000001251e+01 3.46301057470309426e-01 2.98998658314201202e+03 2.99033288419948212e+03 -1.98440170753914435e+03 1.48532784432266651e+00
1.25531250000001258e+01 3.46314253752563583e-01 2.98998656997473881e+03 2.99033288422849137e+03 -1.98440170753914458e+03 1.48532784432266607e+00
1.25562500000001265e+01 3.46337588516239914e-01 2.98998654667196888e+03 2.99033288426048512e+03 -1.98440170753914413e+03 1.48532784432266629e+00
1.25593750000001272e+01 3.46370678911923191e-01 2.98998651361571456e+03 2.99033288429462664e+03 -1.98440170753914435e+03 1.48532784432266651e+00
1.25625000000001279e+01 3.46413116224652984e-01 2.98998647121386603e+03 2.99033288433009056e+03 -1.98440170753914458e+03 1.48532784432266629e+00
1.25656250000001286e+01 3.46464475714860609e-01 2.98998641989040198e+03 2.99033288436611701e+03 -1.98440170753914435e+03 1.48532784432266607e+00
1.25687500000001293e+01 3.46524325666414001e-01 2.98998636007640289e+03 2.99033288440206934e+03 -1.98440170753914390e+03 1.48532784432266629e+00
1.25718750000001300e+01 3.46592234974093361e-01 2.98998629220250859e+03 2.99033288443748279e+03 -1.98440170753914390e+03 1.48532784432266629e+00
1.25750000000001307e+01 3.46667778655496195e-01 2.98998621669345403e+03 2.99033288447210953e+03 -1.98440170753914390e+03 1.48532784432266629e+00
1.25781250000001315e+01 3.46750540818552500e-01 2.98998613396511564e+03 2.99033288450593409e+03 -1.98440170753914390e+03 1.48532784432266629e+00
1.25812500000001322e+01 3.46840114854551129e-01 2.98998604442431451e+03 2.99033288453916884e+03 -1.98440170753914390e+03 1.48532784432266562e+00
1.25843750000001329e+01 3.46936100938085412e-01 2.98998594847127879e+03 2.99033288457221670e+03 -1.98440170753914390e+03 1.48532784432266629e+00
1.25875000000001336e+01 3.47038101262258591e-01 2.98998584650434759e+03 2.99033288460560971e+03 -1.98440170753914390e+03 1.48532784432266629e+00
1.25906250000001343e+01 3.47145713769786202e-01 2.98998573892615059e+03 2.99033288463992039e+03 -1.98440170753914413e+03 1.48532784432266585e+00
1.25937500000001350e+01 3.47258525404331386e-01 2.98998562615025867e+03 2.99033288467566308e+03 -1.98440170753914435e+03 1.48532784432266651e+00
1.25968750000001357e+01 3.47376106053337741e-01 2.98998550860714295e+03 2.99033288471319611e+03 -1.98440170753914435e+03 1.48532784432266607e+00
1.26000000000001364e+01 3.47498004351058543e-01 2.98998538674828660e+03 2.99033288475263771e+03 -1.98440170753914435e+03 1.48532784432266629e+00
1.26031250000001371e+01 3.47623746348001639e-01 2.98998526104745542e+03 2.99033288479380326e+03 -1.98440170753914435e+03 1.48532784432266562e+00
1.26062500000001378e+01 3.47752837745222532e-01 2.98998513199844047e+03 2.99033288483618571e+03 -1.98440170753914413e+03 1.48532784432266629e+00
1.26093750000001386e+01 3.47884769976643748e-01 2.98998500010898988e+03 2.99033288487896652e+03 -1.98440170753914390e+03 1.48532784432266651e+00
1.26125000000001393e+01 3.48019029954769188e-01 2.98998486589111826e+03 2.99033288492107295e+03 -1.98440170753914390e+03 1.48532784432266651e+00
1.26156250000001400e+01 3.48155112838047620e-01 2.98998472984842738e+03 2.99033288496126534e+03 -1.98440170753914344e+03 1.48532784432266673e+00
1.26187500000001407e+01 3.48292536793026630e-01 2.98998459246144967e+03 2.99033288499824266e+03 -1.98440170753914322e+03 1.48532784432266651e+00
1.26218750000001414e+01 3.48430858462140058e-01 2.98998445417229959e+03 2.99033288503076164e+03 -1.98440170753914344e+03 1.48532784432266696e+00
1.26250000000001421e+01 3.48569687741267120e-01 2.98998431537000988e+03 2.99033288505775135e+03 -1.98440170753914344e+03 1.48532784432266696e+00
1.26281250000001428e+01 3.48708700531740745e-01 2.98998417637787225e+03 2.99033288507840416e+03 -1.98440170753914344e+03 1.48532784432266696e+00
1.26312500000001435e+01 3.48847648348892037e-01 2.98998403744389361e+03 2.99033288509224258e+03 -1.98440170753914390e+03 1.48532784432266673e+00
1.26343750000001442e+01 3.48986364013573080e-01 2.98998389873513588e+03 2.99033288509914928e+03 -1.98440170753914390e+03 1.48532784432266673e+00
1.26375000000001450e+01 3.49124763079513900e-01 2.98998376033627665e+03 2.99033288509935619e+03 -1.98440170753914390e+03 1.48532784432266696e+00
1.26406250000001457e+01 3.49262841103808674e-01 2.98998362225229630e+03 2.99033288509339991e+03 -1.98440170753914390e+03 1.48532784432266673e+00
1.26437500000001464e+01 3.49400667293782108e-01 2.98998348441475537e+03 2.99033288508204896e+03 -1.98440170753914390e+03 1.48532784432266740e+00
1.26468750000001471e+01 3.49538375408749602e-01 2.98998334669079941e+03 2.99033288506620829e+03 -1.98440170753914390e+03 1.48532784432266718e+00
1.26500000000001478e+01 3.49676153018270541e-01 2.98998320889380193e+03 2.99033288504682014e+03 -1.98440170753914390e+03 1.48532784432266651e+00
1.26531250000001485e+01 3.49814230293702344e-01 2.98998307079448023e+03 2.99033288502477399e+03 -1.98440170753914367e+03 1.48532784432266673e+00
1.26562500000001492e+01 3.49952869431310098e-01 2.98998293213139868e+03 2.99033288500083017e+03 -1.98440170753914299e+03 1.48532784432266718e+00
1.26593750000001499e+01 3.50092355587682313e-01 2.98998279261998505e+03 2.99033288497557260e+03 -1.98440170753914344e+03 1.48532784432266718e+00
1.26625000000001506e+01 3.50232989885918833e-01 2.98998265195950898e+03 2.99033288494939507e+03 -1.98440170753914299e+03 1.48532784432266673e+00
1.26656250000001513e+01 3.50375084672777226e-01 2.98998250983784374e+03 2.99033288492251631e+03 -1.98440170753914276e+03 1.48532784432266696e+00
1.26687500000001521e+01 3.50518960829147297e-01 2.98998236593419870e+03 2.99033288489502775e+03 -1.98440170753914254e+03 1.48532784432266718e+00
1.26718750000001528e+01 3.50664946614113959e-01 2.98998221992033723e+03 2.99033288486695119e+03 -1.98440170753914299e+03 1.48532784432266740e+00
1.26750000000001535e+01 3.50813377301931739e-01 2.98998207146101140e+03 2.99033288483831348e+03 -1.98440170753914299e+03 1.48532784432266673e+00
1.26781250000001542e+01 3.50964594779874406e-01 2.98998192021443174e+03 2.99033288480921146e+03 -1.98440170753914344e+03 1.48532784432266673e+00
1.26812500000001549e+01 3.51118946320152059e-01 2.98998176583354507e+03 2.99033288477986525e+03 -1.98440170753914344e+03 1.48532784432266696e+00
1.26843750000001556e+01 3.51276781906147362e-01 2.98998160796874163e+03 2.99033288475064774e+03 -1.98440170753914344e+03 1.48532784432266718e+00
1.26875000000001563e+01 3.51438449749080895e-01 2.98998144627234160e+03 2.99033288472209051e+03 -1.98440170753914367e+03 1.48532784432266673e+00
1.26906250000001570e+01 3.51604289931126801e-01 2.98998128040493293e+03 2.99033288469486388e+03 -1.98440170753914390e+03 1.48532784432266718e+00
1.26937500000001577e+01 3.51774626407145741e-01 2.98998111004332986e+03 2.99033288466973681e+03 -1.98440170753914390e+03 1.48532784432266718e+00
1.26968750000001585e+01 3.51949757846862887e-01 2.98998093488967379e+03 2.99033288464752059e+03 -1.98440170753914390e+03 1.48532784432266740e+00
1.27000000000001592e+01 3.52129947972222357e-01 2.98998075468103525e+03 2.99033288462900737e+03 -1.98440170753914390e+03 1.48532784432266762e+00
1.27031250000001599e+01 3.52315416126123437e-01 2.98998056919878218e+03 2.99033288461490838e+03 -1.98440170753914413e+03 1.48532784432266696e+00
1.27062500000001606e+01 3.52506328800908042e-01 2.98998037827699955e+03 2.99033288460580025e+03 -1.98440170753914390e+03 1.48532784432266696e+00
1.27093750000001613e+01 3.52702792773087803e-01 2.98998018180930831e+03 2.99033288460208132e+03 -1.98440170753914413e+03 1.48532784432266740e+00
1.27125000000001620e+01 3.52904850358771838e-01 2.98997997975358339e+03 2.99033288460394215e+03 -1.98440170753914435e+03 1.48532784432266762e+00
1.27156250000001627e+01 3.53112477147873582e-01 2.98997977213420018e+03 2.99033288461134816e+03 -1.98440170753914435e+03 1.48532784432266762e+00
1.27187500000001634e+01 3.53325582417027773e-01 2.98997955904162018e+03 2.99033288462403698e+03 -1.98440170753914413e+03 1.48532784432266718e+00
1.27218750000001641e+01 3.53544012276444164e-01 2.98997934062924651e+03 2.99033288464152292e+03 -1.98440170753914435e+03 1.48532784432266718e+00
1.27250000000001648e+01 3.53767555480997309e-01 2.98997911710763037e+03 2.99033288466311114e+03 -1.98440170753914413e+03 1.48532784432266696e+00
1.27281250000001656e+01 3.53995951729499936e-01 2.98997888873619422e+03 2.99033288468792352e+03 -1.98440170753914435e+03 1.48532784432266718e+00
1.27312500000001663e+01 3.54228902182036398e-01 2.98997865581274164e+03 2.99033288471492369e+03 -1.98440170753914435e+03 1.48532784432266762e+00
1.27343750000001670e+01 3.54466081836294467e-01 2.98997841866112276e+03 2.99033288474295887e+03 -1.98440170753914458e+03 1.48532784432266740e+00
1.27375000000001677e+01 3.54707153315382551e-01 2.98997817761748684e+03 2.99033288477080214e+03 -1.98440170753914390e+03 1.48532784432266696e+00
1.27406250000001684e+01 3.54951781532186483e-01 2.98997793301567117e+03 2.99033288479720341e+03 -1.98440170753914390e+03 1.48532784432266718e+00
1.27437500000001691e+01 3.55199648615338315e-01 2.98997768517233180e+03 2.99033288482094713e+03 -1.98440170753914367e+03 1.48532784432266696e+00
1.27468750000001698e+01 3.55450468420521137e-01 2.98997743437249210e+03 2.99033288484091281e+03 -1.98440170753914299e+03 1.48532784432266785e+00
1.27500000000001705e+01 3.55703999921522573e-01 2.98997718085620772e+03 2.99033288485612911e+03 -1.98440170753914299e+03 1.48532784432266718e+00
1.27531250000001712e+01 3.55960058790646294e-01 2.98997692480703972e+03 2.99033288486583024e+03 -1.98440170753914299e+03 1.48532784432266762e+00
1.27562500000001720e+01 3.56218526545671432e-01 2.98997666634295001e+03 2.99033288486949550e+03 -1.98440170753914299e+03 1.48532784432266718e+00
1.27593750000001727e+01 3.56479356761994548e-01 2.98997640551011682e+03 2.99033288486687889e+03 -1.98440170753914299e+03 1.48532784432266762e+00
1.27625000000001734e+01 3.56742578017492373e-01 2.98997614228000020e+03 2.99033288485801768e+03 -1.98440170753914299e+03 1.48532784432266696e+00
1.27656250000001741e+01 3.57008293440436164e-01 2.98997587654978906e+03 2.99033288484322929e+03 -1.98440170753914299e+03 1.48532784432266718e+00
1.27687500000001748e+01 3.57276676948645455e-01 2.98997560814613280e+03 2.99033288482308126e+03 -1.98440170753914322e+03 1.48532784432266696e+00
1.27718750000001755e+01 3.57547966479626722e-01 2.98997533683187430e+03 2.99033288479835392e+03 -1.98440170753914367e+03 1.48532784432266762e+00
1.27750000000001762e+01 3.57822454695825520e-01 2.98997506231528951e+03 2.99033288476998541e+03 -1.98440170753914322e+03 1.48532784432266785e+00
1.27781250000001769e+01 3.58100477789128846e-01 2.98997478426122598e+03 2.99033288473901530e+03 -1.98440170753914299e+03 1.48532784432266762e+00
1.27812500000001776e+01 3.58382403092602386e-01 2.98997450230342656e+03 2.99033288470651905e+03 -1.98440170753914344e+03 1.48532784432266740e+00
1.27843750000001783e+01 3.58668616230544024e-01 2.98997421605732370e+03 2.99033288467355442e+03 -1.98440170753914254e+03 1.48532784432266785e+00
1.27875000000001791e+01 3.58959508502046110e-01 2.98997392513260411e+03 2.99033288464110638e+03 -1.98440170753914299e+03 1.48532784432266807e+00
1.27906250000001798e+01 3.59255465106617378e-01 2.98997362914494079e+03 2.99033288461004759e+03 -1.98440170753914299e+03 1.48532784432266829e+00
1.27937500000001805e+01 3.59556854695107064e-01 2.98997332772641766e+03 2.99033288458111292e+03 -1.98440170753914254e+03 1.48532784432266740e+00
1.27968750000001812e+01 3.59864020579658994e-01 2.98997302053430212e+03 2.99033288455488173e+03 -1.98440170753914254e+03 1.48532784432266807e+00
1.28000000000001819e+01 3.60177273777466112e-01 2.98997270725800081e+03 2.99033288453177829e+03 -1.98440170753914254e+03 1.48532784432266740e+00
1.28031250000001826e+01 3.60496887908275443e-01 2.98997238762417328e+03 2.99033288451208136e+03 -1.98440170753914254e+03 1.48532784432266829e+00
1.28062500000001833e+01 3.60823095826283635e-01 2.98997206140011758e+03 2.99033288449594374e+03 -1.98440170753914299e+03 1.48532784432266829e+00
1.28093750000001840e+01 3.61156087752314336e-01 2.98997172839566792e+03 2.99033288448342046e+03 -1.98440170753914299e+03 1.48532784432266829e+00
1.28125000000001847e+01 3.61496010588632677e-01 2.98997138846390681e+03 2.99033288447449559e+03 -1.98440170753914299e+03 1.48532784432266851e+00
1.28156250000001855e+01 3.61842968050961555e-01 2.98997104150106816e+03 2.99033288446911911e+03 -1.98440170753914299e+03 1.48532784432266785e+00
1.28187500000001862e+01 3.62197021242858852e-01 2.98997068744599028e+03 2.99033288446723327e+03 -1.98440170753914344e+03 1.48532784432266851e+00
1.28218750000001869e+01 3.62558189327131630e-01 2.98997032627946783e+03 2.99033288446879487e+03 -1.98440170753914344e+03 1.48532784432266807e+00
1.28250000000001876e+01 3.62926450015259583e-01 2.98996995802377796e+03 2.99033288447379300e+03 -1.98440170753914344e+03 1.48532784432266829e+00
1.28281250000001883e+01 3.63301739694035675e-01 2.98996958274255940e+03 2.99033288448225358e+03 -1.98440170753914344e+03 1.48532784432266873e+00
1.28312500000001890e+01 3.63683953130355175e-01 2.98996920054110069e+03 2.99033288449423117e+03 -1.98440170753914299e+03 1.48532784432266851e+00
1.28343750000001897e+01 3.64072942828785995e-01 2.98996881156696418e+03 2.99033288450979308e+03 -1.98440170753914299e+03 1.48532784432266851e+00
1.28375000000001904e+01 3.64468518248249829e-01 2.98996841601074539e+03 2.99033288452899342e+03 -1.98440170753914299e+03 1.48532784432266873e+00
1.28406250000001911e+01 3.64870445198857252e-01 2.98996801410663966e+03 2.99033288455183856e+03 -1.98440170753914299e+03 1.48532784432266851e+00
1.28437500000001918e+01 3.65278445823237763e-01 2.98996760613242259e+03 2.99033288457824574e+03 -1.98440170753914276e+03 1.48532784432266785e+00
1.28468750000001926e+01 3.65692199607136059e-01 2.98996719240840685e+03 2.99033288460801396e+03 -1.98440170753914254e+03 1.48532784432266785e+00
1.28500000000001933e+01 3.66111345854015835e-01 2.98996677329493104e+03 2.99033288464078487e+03 -1.98440170753914254e+03 1.48532784432266851e+00
1.28531250000001940e+01 3.66535487995915399e-01 2.98996634918803011e+03 2.99033288467602597e+03 -1.98440170753914254e+03 1.48532784432266873e+00
1.28562500000001947e+01 3.66964200000961527e-01 2.98996592051301786e+03 2.99033288471301876e+03 -1.98440170753914276e+03 1.48532784432266851e+00
1.28593750000001954e+01 3.67397034984752180e-01 2.98996548771588095e+03 2.99033288475086556e+03 -1.98440170753914254e+03 1.48532784432266851e+00
1.28625000000001961e+01 3.67833535950035428e-01 2.98996505125256408e+03 2.99033288478851409e+03 -1.98440170753914254e+03 1.48532784432266829e+00
1.28656250000001968e+01 3.68273248380892537e-01 2.98996461157641261e+03 2.99033288482479338e+03 -1.98440170753914254e+03 1.48532784432266807e+00
1.28687500000001975e+01 3.68715734219811297e-01 2.98996416912425184e+03 2.99033288485847152e+03 -1.98440170753914299e+03 1.48532784432266785e+00
1.28718750000001982e+01 3.69160586575050520e-01 2.98996372430174642e+03 2.99033288488832159e+03 -1.98440170753914344e+03 1.48532784432266829e+00
1.28750000000001990e+01 3.69607444358442339e-01 2.98996327746883708e+03 2.99033288491319536e+03 -1.98440170753914390e+03 1.48532784432266873e+00
1.28781250000001997e+01 3.70056005956617751e-01 2.98996282892614909e+03 2.99033288493210557e+03 -1.98440170753914390e+03 1.48532784432266851e+00
1.28812500000002004e+01 3.70506041006410880e-01 2.98996237890328939e+03 2.99033288494429598e+03 -1.98440170753914390e+03 1.48532784432266807e+00
1.28843750000002011e+01 3.70957399389397924e-01 2.98996192754991716e+03 2.99033288494930639e+03 -1.98440170753914390e+03 1.48532784432266896e+00
1.28875000000002018e+01 3.71410016686661515e-01 2.98996147493033641e+03 2.99033288494702310e+03 -1.98440170753914390e+03 1.48532784432266918e+00
1.28906250000002025e+01 3.71863915540736389e-01 2.98996102102215445e+03 2.99033288493769533e+03 -1.98440170753914390e+03 1.48532784432266896e+00
1.28937500000002032e+01 3.72319202644751490e-01 2.98996056571929421e+03 2.99033288492193878e+03 -1.98440170753914413e+03 1.48532784432266873e+00
1.28968750000002039e+01 3.72776061397198322e-01 2.98996010883930603e+03 2.99033288490070345e+03 -1.98440170753914344e+03 1.48532784432266829e+00
1.29000000000002046e+01 3.73234740593855030e-01 2.98995965013461637e+03 2.99033288487521031e+03 -1.98440170753914390e+03 1.48532784432266829e+00
1.29031250000002053e+01 3.73695539841297830e-01 2.98995918930703920e+03 2.99033288484688046e+03 -1.98440170753914367e+03 1.48532784432266851e+00
1.29062500000002061e+01 3.74158792634055659e-01 2.98995872602460076e+03 2.99033288481723503e+03 -1.98440170753914390e+03 1.48532784432266873e+00
1.29093750000002068e+01 3.74624848210279915e-01 2.98995825993958897e+03 2.99033288478779923e+03 -1.98440170753914344e+03 1.48532784432266896e+00
1.29125000000002075e+01 3.75094053369166014e-01 2.98995779070663593e+03 2.99033288476000507e+03 -1.98440170753914344e+03 1.48532784432266851e+00
1.29156250000002082e+01 3.75566735391035800e-01 2.98995731799971600e+03 2.99033288473510720e+03 -1.98440170753914322e+03 1.48532784432266851e+00
1.29187500000002089e+01 3.76043187055881134e-01 2.98995684152706281e+03 2.99033288471411879e+03 -1.98440170753914299e+03 1.48532784432266918e+00
1.29218750000002096e+01 3.76523654529943352e-01 2.98995636104324149e+03 2.99033288469777153e+03 -1.98440170753914299e+03 1.48532784432266807e+00
1.29250000000002103e+01 3.77008328613889498e-01 2.98995587635788252e+03 2.99033288468649653e+03 -1.98440170753914299e+03 1.48532784432266807e+00
1.29281250000002110e+01 3.77497339557067046e-01 2.98995538734087404e+03 2.99033288468043111e+03 -1.98440170753914322e+03 1.48532784432266829e+00
1.29312500000002117e+01 3.77990755375901821e-01 2.98995489392406853e+03 2.99033288467944431e+03 -1.98440170753914299e+03 1.48532784432266851e+00
1.29343750000002125e+01 3.78488583399427758e-01 2.98995439609976984e+03 2.99033288468316914e+03 -1.98440170753914299e+03 1.48532784432266851e+00
1.29375000000002132e+01 3.78990774617933679e-01 2.98995389391642857e+03 2.99033288469104673e+03 -1.98440170753914344e+03 1.48532784432266807e+00
1.29406250000002139e+01 3.79497230334466695e-01 2.98995338747203505e+03 2.99033288470236948e+03 -1.98440170753914322e+03 1.48532784432266851e+00
1.29437500000002146e+01 3.80007810601891760e-01 2.98995287690572241e+03 2.99033288471632432e+03 -1.98440170753914344e+03 1.48532784432266851e+00
1.29468750000002153e+01 3.80522343949440955e-01 2.98995236238807820e+03 2.99033288473202765e+03 -1.98440170753914344e+03 1.48532784432266851e+00
1.29500000000002160e+01 3.81040637937108850e-01 2.98995184411062655e+03 2.99033288474856363e+03 -1.98440170753914299e+03 1.48532784432266873e+00
1.29531250000002167e+01 3.81562490102656082e-01 2.98995132227491740e+03 2.99033288476502003e+03 -1.98440170753914322e+03 1.48532784432266851e+00
1.29562500000002174e+01 3.82087698871997727e-01 2.98995079708165213e+03 2.99033288478052418e+03 -1.98440170753914322e+03 1.48532784432266851e+00
1.29593750000002181e+01 3.82616073989621164e-01 2.98995026872029030e+03 2.99033288479427983e+03 -1.98440170753914367e+03 1.48532784432266851e+00
1.29625000000002188e+01 3.83147446002851055e-01 2.98994973735961139e+03 2.99033288480561441e+03 -1.98440170753914367e+03 1.48532784432266873e+00
1.29656250000002196e+01 3.83681674321094512e-01 2.98994920313968669e+03 2.99033288481400768e+03 -1.98440170753914390e+03 1.48532784432266896e+00
1.29687500000002203e+01 3.84218653388701481e-01 2.98994866616574564e+03 2.99033288481913451e+03 -1.98440170753914390e+03 1.48532784432266896e+00
1.29718750000002210e+01 3.84758316572363313e-01 2.98994812650431095e+03 2.99033288482088346e+03 -1.98440170753914367e+03 1.48532784432266918e+00
1.29750000000002217e+01 3.85300637476611807e-01 2.98994758418189440e+03 2.99033288481937097e+03 -1.98440170753914344e+03 1.48532784432266918e+00
1.29781250000002224e+01 3.85845628558267262e-01 2.98994703918637606e+03 2.99033288481493446e+03 -1.98440170753914344e+03 1.48532784432266918e+00
1.29812500000002231e+01 3.86393337098031531e-01 2.98994649147101518e+03 2.99033288480811325e+03 -1.98440170753914367e+03 1.48532784432266873e+00
1.29843750000002238e+01 3.86943838784459371e-01 2.98994594096082301e+03 2.99033288479960765e+03 -1.98440170753914344e+03 1.48532784432266962e+00
1.29875000000002245e+01 3.87497229350830585e-01 2.98994538756088332e+03 2.99033288479023395e+03 -1.98440170753914390e+03 1.48532784432266896e+00
1.29906250000002252e+01 3.88053614859571294e-01 2.98994483116600350e+03 2.99033288478086297e+03 -1.98440170753914390e+03 1.48532784432266962e+00
1.29937500000002260e+01 3.88613101337391242e-01 2.98994427167101776e+03 2.99033288477235510e+03 -1.98440170753914390e+03 1.48532784432266962e+00
1.29968750000002267e+01 3.89175784517071188e-01 2.98994370898098259e+03 2.99033288476549978e+03 -1.98440170753914390e+03 1.48532784432266962e+00
1.30000000000002274e+01 3.89741740434188910e-01 2.98994314302052317e+03 2.99033288476095731e+03 -1.98440170753914367e+03 1.48532784432266984e+00
1.30031250000002281e+01 3.90311017557884721e-01 2.98994257374165500e+03 2.99033288475921290e+03 -1.98440170753914344e+03 1.48532784432266984e+00
1.30062500000002288e+01 3.90883631007525267e-01 2.98994200112953695e+03 2.99033288476054440e+03 -1.98440170753914367e+03 1.48532784432266940e+00
1.30093750000002295e+01 3.91459559229439535e-01 2.98994142520578225e+03 2.99033288476501184e+03 -1.98440170753914390e+03 1.48532784432266962e+00
1.30125000000002302e+01 3.92038743292723202e-01 2.98994084602916428e+03 2.99033288477245696e+03 -1.98440170753914367e+03 1.48532784432266918e+00
1.30156250000002309e+01 3.92621088728432321e-01 2.98994026369380890e+03 2.99033288478253735e+03 -1.98440170753914344e+03 1.48532784432266918e+00
1.30187500000002316e+01 3.93206469604872544e-01 2.98993967832515909e+03 2.99033288479476414e+03 -1.98440170753914344e+03 1.48532784432266962e+00
1.30218750000002323e+01 3.93794734327847840e-01 2.98993909007423008e+03 2.99033288480855799e+03 -1.98440170753914344e+03 1.48532784432266940e+00
1.30250000000002331e+01 3.94385712502721697e-01 2.98993849911081361e+03 2.99033288482331636e+03 -1.98440170753914367e+03 1.48532784432267007e+00
1.30281250000002338e+01 3.94979222114178907e-01 2.98993790561635569e+03 2.99033288483846991e+03 -1.98440170753914390e+03 1.48532784432267007e+00
1.30312500000002345e+01 3.95575076281127480e-01 2.98993730977726045e+03 2.99033288485354160e+03 -1.98440170753914390e+03 1.48532784432266962e+00
1.30343750000002352e+01 3.96173088928944206e-01 2.98993671177925899e+03 2.99033288486818810e+03 -1.98440170753914435e+03 1.48532784432266984e+00
1.30375000000002359e+01 3.96773078879012198e-01 2.98993611180334528e+03 2.99033288488222433e+03 -1.98440170753914435e+03 1.48532784432266984e+00
1.30406250000002366e+01 3.97374872065616669e-01 2.98993551002356253e+03 2.99033288489562801e+03 -1.98440170753914435e+03 1.48532784432266984e+00
1.30437500000002373e+01 3.97978301825170078e-01 2.98993490660669977e+03 2.99033288490852510e+03 -1.98440170753914390e+03 1.48532784432266984e+00
1.30468750000002380e+01 3.98583207431917996e-01 2.98993430171372347e+03 2.99033288492115526e+03 -1.98440170753914390e+03 1.48532784432267007e+00
1.30500000000002387e+01 3.99189431248898552e-01 2.98993369550258649e+03 2.99033288493383543e+03 -1.98440170753914413e+03 1.48532784432267029e+00
1.30531250000002395e+01 3.99796815000682926e-01 2.98993308813190561e+03 2.99033288494690623e+03 -1.98440170753914344e+03 1.48532784432266962e+00
1.30562500000002402e+01 4.00405195742518205e-01 2.98993247976494285e+03 2.99033288496068553e+03 -1.98440170753914344e+03 1.48532784432267051e+00
1.30593750000002409e+01 4.01014402097225331e-01 2.98993187057332761e+03 2.99033288497542480e+03 -1.98440170753914299e+03 1.48532784432267007e+00
1.30625000000002416e+01 4.01624251265747578e-01 2.98993126074001339e+03 2.99033288499127912e+03 -1.98440170753914344e+03 1.48532784432267007e+00
1.30656250000002423e+01 4.02234547206956117e-01 2.98993065046107495e+03 2.99033288500828212e+03 -1.98440170753914344e+03 1.48532784432266984e+00
1.30687500000002430e+01 4.02845080248754872e-01 2.98993003994608580e+03 2.99033288502633468e+03 -1.98440170753914367e+03 1.48532784432267007e+00
1.30718750000002437e+01 4.03455628257406940e-01 2.98992942941695219e+03 2.99033288504520942e+03 -1.98440170753914344e+03 1.48532784432267007e+00
1.30750000000002444e+01 4.04065959372434225e-01 2.98992881910518190e+03 2.99033288506455438e+03 -1.98440170753914390e+03 1.48532784432267051e+00
1.30781250000002451e+01 4.04675836220132201e-01 2.98992820924768512e+03 2.99033288508390524e+03 -1.98440170753914390e+03 1.48532784432267051e+00
1.30812500000002458e+01 4.05285021450970173e-01 2.98992760008125560e+03 2.99033288510270677e+03 -1.98440170753914413e+03 1.48532784432267051e+00
1.30843750000002466e+01 4.05893284398523457e-01 2.98992699183592867e+03 2.99033288512032732e+03 -1.98440170753914413e+03 1.48532784432267007e+00
1.30875000000002473e+01 4.06500408619263010e-01 2.98992638472746648e+03 2.99033288513608568e+03 -1.98440170753914390e+03 1.48532784432267007e+00
1.30906250000002480e+01 4.07106200032373022e-01 2.98992577894924716e+03 2.99033288514927972e+03 -1.98440170753914344e+03 1.48532784432266984e+00
1.30937500000002487e+01 4.07710495329280664e-01 2.98992517466388381e+03 2.99033288515921322e+03 -1.98440170753914390e+03 1.48532784432267007e+00
1.30968750000002494e+01 4.08313170264026915e-01 2.98992457199497494e+03 2.99033288516523908e+03 -1.98440170753914344e+03 1.48532784432267007e+00
1.31000000000002501e+01 4.08914147375915082e-01 2.98992397101942242e+03 2.99033288516679841e+03 -1.98440170753914344e+03 1.48532784432267007e+00
1.31031250000002508e+01 4.09513402650394098e-01 2.98992337176081128e+03 2.99033288516346147e+03 -1.98440170753914367e+03 1.48532784432266962e+00
1.31062500000002515e+01 4.10110970611206826e-01 2.98992277418436242e+03 2.99033288515497361e+03 -1.98440170753914344e+03 1.48532784432267007e+00
1.31093750000002522e+01 4.10706947372839692e-01 2.98992217819390498e+03 2.99033288514127798e+03 -1.98440170753914344e+03 1.48532784432267007e+00
1.31125000000002530e+01 4.11301491276506614e-01 2.98992158363126418e+03 2.99033288512254057e+03 -1.98440170753914344e+03 1.48532784432267007e+00
1.31156250000002537e+01 4.11894820883498824e-01 2.98992099027827180e+03 2.99033288509915519e+03 -1.98440170753914299e+03 1.48532784432267007e+00
1.31187500000002544e+01 4.12487210293102813e-01 2.98992039786142868e+03 2.99033288507172165e+03 -1.98440170753914276e+03 1.48532784432267007e+00
1.31218750000002551e+01 4.13078981964210612e-01 2.98991980605905610e+03 2.99033288504102029e+03 -1.98440170753914254e+03 1.48532784432267007e+00
1.31250000000002558e+01 4.13670497420668970e-01 2.98991921451054077e+03 2.99033288500796152e+03 -1.98440170753914322e+03 1.48532784432266984e+00
1.31281250000002565e+01 4.14262146380787899e-01 2.98991862282715374e+03 2.99033288497353442e+03 -1.98440170753914322e+03 1.48532784432266962e+00
1.31312500000002572e+01 4.14854334948274173e-01 2.98991803060380380e+03 2.99033288493875216e+03 -1.98440170753914299e+03 1.48532784432267007e+00
1.31343750000002579e+01 4.15447473523013477e-01 2.98991743743107600e+03 2.99033288490459881e+03 -1.98440170753914344e+03 1.48532784432266984e+00
1.31375000000002586e+01 4.16041965036461181e-01 2.98991684290695412e+03 2.99033288487199070e+03 -1.98440170753914367e+03 1.48532784432267029e+00
1.31406250000002593e+01 4.16638194000820250e-01 2.98991624664774372e+03 2.99033288484174454e+03 -1.98440170753914390e+03 1.48532784432267007e+00
1.31437500000002601e+01 4.17236516705824623e-01 2.98991564829786330e+03 2.99033288481456930e+03 -1.98440170753914390e+03 1.48532784432266962e+00
1.31468750000002608e+01 4.17837252728065156e-01 2.98991504753833215e+03 2.99033288479106022e+03 -1.98440170753914390e+03 1.48532784432266962e+00
1.31500000000002615e+01 4.18440677760978597e-01 2.98991444409395308e+03 2.99033288477171391e+03 -1.98440170753914390e+03 1.48532784432266962e+00
1.31531250000002622e+01 4.19047017650032383e-01 2.98991383773929101e+03 2.99033288475694098e+03 -1.98440170753914367e+03 1.48532784432266962e+00
1.31562500000002629e+01 4.19656443440735549e-01 2.98991322830364425e+03 2.99033288474708479e+03 -1.98440170753914344e+03 1.48532784432267051e+00
1.31593750000002636e+01 4.20269067222080683e-01 2.98991261567521997e+03 2.99033288474244227e+03 -1.98440170753914344e+03 1.48532784432267051e+00
1.31625000000002643e+01 4.20884938572481049e-01 2.98991199980469537e+03 2.99033288474326764e+03 -1.98440170753914322e+03 1.48532784432267007e+00
1.31656250000002650e+01 4.21504041480269320e-01 2.98991138070830402e+03 2.99033288474978417e+03 -1.98440170753914367e+03 1.48532784432267029e+00
1.31687500000002657e+01 4.22126291703316281e-01 2.98991075847046523e+03 2.99033288476216876e+03 -1.98440170753914344e+03 1.48532784432267029e+00
1.31718750000002665e+01 4.22751534636801762e-01 2.98991013324590858e+03 2.99033288478054556e+03 -1.98440170753914344e+03 1.48532784432267051e+00
1.31750000000002672e+01 4.23379543858709351e-01 2.98990950526110237e+03 2.99033288480496094e+03 -1.98440170753914344e+03 1.48532784432267007e+00
1.31781250000002679e+01 4.24010020604115856e-01 2.98990887481475511e+03 2.99033288483535944e+03 -1.98440170753914367e+03 1.48532784432267007e+00
1.31812500000002686e+01 4.24642594468949752e-01 2.98990824227708617e+03 2.99033288487155505e+03 -1.98440170753914344e+03 1.48532784432267029e+00
1.31843750000002693e+01 4.25276825652274315e-01 2.98990760808756113e+03 2.99033288491321355e+03 -1.98440170753914344e+03 1.48532784432267095e+00
1.31875000000002700e+01 4.25912209008385001e-01 2.98990697275082221e+03 2.99033288495983061e+03 -1.98440170753914344e+03 1.48532784432267051e+00
1.31906250000002707e+01 4.26548180096602836e-01 2.98990633683063288e+03 2.99033288501072957e+03 -1.98440170753914367e+03 1.48532784432267007e+00
1.31937500000002714e+01 4.27184123294148399e-01 2.98990570094177292e+03 2.99033288506506688e+03 -1.98440170753914435e+03 1.48532784432267051e+00
1.31968750000002721e+01 4.27819381887883099e-01 2.98990506573996845e+03 2.99033288512185618e+03 -1.98440170753914390e+03 1.48532784432267073e+00
1.32000000000002728e+01 4.28453269901046985e-01 2.98990443191009217e+03 2.99033288517999335e+03 -1.98440170753914413e+03 1.48532784432267140e+00
