1.20031250000000007e+01 1.51958739944861172e+04 6.12565628117728738e+03 2.13215302756634046e+04 -1.56249999706093763e+03 1.93753217240393072e+00
1.20062500000000014e+01 1.51923920054235114e+04 6.13449974749988178e+03 2.13268917529233950e+04 -1.56249999707033112e+03 1.94911070770795036e+00
1.20093750000000021e+01 1.51890209492819085e+04 6.14318248045875225e+03 2.13322034297406608e+04 -1.56249999707271945e+03 1.96067334863493548e+00
1.20125000000000028e+01 1.51857618637300748e+04 6.15170329205219423e+03 2.13374651557822690e+04 -1.56249999707283405e+03 1.97221931391402938e+00
1.20156250000000036e+01 1.51826157606392571e+04 6.16006102561659009e+03 2.13426767862558481e+04 -1.56249999707150482e+03 1.98374783562027956e+00
1.20187500000000043e+01 1.51795836261532113e+04 6.16825455584516112e+03 2.13478381819983733e+04 -1.56249999706881817e+03 1.99525815887182412e+00
1.20218750000000050e+01 1.51766664205797188e+04 6.17628278879916797e+03 2.13529492093788867e+04 -1.56249999705621644e+03 2.00674954153643981e+00
1.20250000000000057e+01 1.51738650790225965e+04 6.18414466191081738e+03 2.13580097409334121e+04 -1.56249999704651691e+03 2.01822125394715091e+00
1.20281250000000064e+01 1.51711805107039672e+04 6.19183914397823537e+03 2.13630196546822044e+04 -1.56249999703847880e+03 2.02967257862665207e+00
1.20312500000000071e+01 1.51686135992355266e+04 6.19936523515317640e+03 2.13679788343887049e+04 -1.56249999703437607e+03 2.04110281002026772e+00
1.20343750000000078e+01 1.51661652026798547e+04 6.20672196692077887e+03 2.13728871696006318e+04 -1.56249999704025072e+03 2.05251125423721348e+00
1.20375000000000085e+01 1.51638361530860220e+04 6.21390840207156907e+03 2.13777445551575911e+04 -1.56249999703958088e+03 2.06389722879989002e+00
1.20406250000000092e+01 1.51616272574550276e+04 6.22092363466620918e+03 2.13825508921212386e+04 -1.56249999704316588e+03 2.07526006240098049e+00
1.20437500000000099e+01 1.51595392970760931e+04 6.22776678999278556e+03 2.13873060870688787e+04 -1.56249999704850552e+03 2.08659909466812499e+00
1.20468750000000107e+01 1.51575730276575650e+04 6.23443702451727586e+03 2.13920100521748391e+04 -1.56249999705049458e+03 2.09791367593592204e+00
1.20500000000000114e+01 1.51557291798433380e+04 6.24093352582713851e+03 2.13966627056704747e+04 -1.56249999705928667e+03 2.10920316702505506e+00
1.20531250000000121e+01 1.51540084584073411e+04 6.24725551256870858e+03 2.14012639709760479e+04 -1.56249999706192966e+03 2.12046693902832040e+00
1.20562500000000128e+01 1.51524115430298825e+04 6.25340223437916575e+03 2.14058137774090501e+04 -1.56249999705367600e+03 2.13170437310334293e+00
1.20593750000000135e+01 1.51509390883207270e+04 6.25937297181295799e+03 2.14103120601336850e+04 -1.56249999704360516e+03 2.14291486027179179e+00
1.20625000000000142e+01 1.51495917235562702e+04 6.26516703626428625e+03 2.14147587598205573e+04 -1.56249999702699370e+03 2.15409780122488037e+00
1.20656250000000149e+01 1.51483700531676113e+04 6.27078376988577838e+03 2.14191538230533915e+04 -1.56249999701621073e+03 2.16525260613497217e+00
1.20687500000000156e+01 1.51472746563785440e+04 6.27622254550407524e+03 2.14234972018826193e+04 -1.56249999700822764e+03 2.17637869447310051e+00
1.20718750000000163e+01 1.51463060874109069e+04 6.28148276653365065e+03 2.14277888539445557e+04 -1.56249999699957266e+03 2.18747549483223080e+00
1.20750000000000171e+01 1.51454648757648356e+04 6.28656386688890507e+03 2.14320287426537398e+04 -1.56249999699121031e+03 2.19854244475607929e+00
1.20781250000000178e+01 1.51447515260328710e+04 6.29146531089549717e+03 2.14362168369283681e+04 -1.56249999698756892e+03 2.20957899057332918e+00
1.20812500000000185e+01 1.51441665180989839e+04 6.29618659320065308e+03 2.14403531112996352e+04 -1.56249999699106979e+03 2.22058458723708041e+00
1.20843750000000192e+01 1.51437103071194069e+04 6.30072723868311459e+03 2.14444375458025206e+04 -1.56249999699309092e+03 2.23155869816936292e+00
1.20875000000000199e+01 1.51433833238788502e+04 6.30508680236188229e+03 2.14484701262407325e+04 -1.56249999699480804e+03 2.24250079511058198e+00
1.20906250000000206e+01 1.51431859746735518e+04 6.30926486930354258e+03 2.14524508439770943e+04 -1.56249999700850435e+03 2.25341035797371969e+00
1.20937500000000213e+01 1.51431186411359231e+04 6.31326105452883348e+03 2.14563796956647566e+04 -1.56249999702073274e+03 2.26428687470318035e+00
1.20968750000000220e+01 1.51431816807555970e+04 6.31707500291665565e+03 2.14602566836722544e+04 -1.56249999703184722e+03 2.27512984113810823e+00
1.21000000000000227e+01 1.51433754268624762e+04 6.32070638910519028e+03 2.14640818159676674e+04 -1.56249999704551055e+03 2.28593876088007120e+00
1.21031250000000234e+01 1.51437001883111425e+04 6.32415491738983383e+03 2.14678551057009754e+04 -1.56249999705155369e+03 2.29671314516495695e+00
1.21062500000000242e+01 1.51441562502790712e+04 6.32742032161636780e+03 2.14715765718954390e+04 -1.56249999707039569e+03 2.30745251273897845e+00
1.21093750000000249e+01 1.51447438734019470e+04 6.33050236506945839e+03 2.14752462384714054e+04 -1.56249999707888082e+03 2.31815638973864235e+00
1.21125000000000256e+01 1.51454632947927566e+04 6.33340084035600466e+03 2.14788641351487604e+04 -1.56249999708033420e+03 2.32882430957458686e+00
1.21156250000000263e+01 1.51463147277244479e+04 6.33611556928276150e+03 2.14824302970072094e+04 -1.56249999707904271e+03 2.33945581281914761e+00
1.21187500000000270e+01 1.51472983614970854e+04 6.33864640272857923e+03 2.14859447642256637e+04 -1.56249999706250628e+03 2.35005044709757405e+00
1.21218750000000277e+01 1.51484143623061136e+04 6.34099322051113086e+03 2.14894075828172427e+04 -1.56249999704525453e+03 2.36060776698275498e+00
1.21250000000000284e+01 1.51496628725992159e+04 6.34315593124796305e+03 2.14928188038471781e+04 -1.56249999703081448e+03 2.37112733389337649e+00
1.21281250000000291e+01 1.51510440114599005e+04 6.34513447221292517e+03 2.14961784836728257e+04 -1.56249999702185619e+03 2.38160871599539314e+00
1.21312500000000298e+01 1.51525578747931486e+04 6.34692880918875562e+03 2.14994866839819042e+04 -1.56249999702084369e+03 2.39205148810672963e+00
1.21343750000000306e+01 1.51542045350992030e+04 6.34853893631551091e+03 2.15027434714147130e+04 -1.56249999701937577e+03 2.40245523160511798e+00
1.21375000000000313e+01 1.51559840421333356e+04 6.34996487593618076e+03 2.15059489180695164e+04 -1.56249999701846400e+03 2.41281953433895247e+00
1.21406250000000320e+01 1.51578964226870357e+04 6.35120667844084073e+03 2.15091031011278756e+04 -1.56249999702074683e+03 2.42314399054112917e+00
1.21437500000000327e+01 1.51599416807127254e+04 6.35226442210963251e+03 2.15122061028223579e+04 -1.56249999702450032e+03 2.43342820074571531e+00
1.21468750000000334e+01 1.51621197976714302e+04 6.35313821295462640e+03 2.15152580106260575e+04 -1.56249999703174740e+03 2.44367177170743677e+00
1.21500000000000341e+01 1.51644307321835531e+04 6.35382818456164387e+03 2.15182589167451952e+04 -1.56249999702922241e+03 2.45387431632384034e+00
1.21531250000000348e+01 1.51668744209973302e+04 6.35433449793301224e+03 2.15212089189303442e+04 -1.56249999703016874e+03 2.46403545356010101e+00
1.21562500000000355e+01 1.51694507783174831e+04 6.35465734133098158e+03 2.15241081196484665e+04 -1.56249999703096682e+03 2.47415480837637336e+00
1.21593750000000362e+01 1.51721596961248561e+04 6.35479693012171811e+03 2.15269566262465742e+04 -1.56249999702623609e+03 2.48423201165761398e+00
1.21625000000000369e+01 1.51750010447167733e+04 6.35475350662039455e+03 2.15297545513371660e+04 -1.56249999702815308e+03 2.49426670014582585e+00
1.21656250000000377e+01 1.51779746719660052e+04 6.35452733993748097e+03 2.15325020119034853e+04 -1.56249999702344553e+03 2.50425851637463071e+00
1.21687500000000384e+01 1.51810804044004817e+04 6.35411872582586329e+03 2.15351991302263450e+04 -1.56249999702230366e+03 2.51420710860611152e+00
1.21718750000000391e+01 1.51843180466934846e+04 6.35352798652847741e+03 2.15378460332219620e+04 -1.56249999702991909e+03 2.52411213076987773e+00
1.21750000000000398e+01 1.51876873817302330e+04 6.35275547062634723e+03 2.15404428523565803e+04 -1.56249999703575804e+03 2.53397324240425403e+00
1.21781250000000405e+01 1.51911881710931648e+04 6.35180155288660171e+03 2.15429897239797647e+04 -1.56249999704016955e+03 2.54379010859957422e+00
1.21812500000000412e+01 1.51948201550992126e+04 6.35066663410986985e+03 2.15454867892090842e+04 -1.56249999704317815e+03 2.55356239994348266e+00
1.21843750000000419e+01 1.51985830526648570e+04 6.34935114097753012e+03 2.15479341936423880e+04 -1.56249999704707398e+03 2.56328979246822142e+00
1.21875000000000426e+01 1.52024765616162549e+04 6.34785552589815052e+03 2.15503320875144054e+04 -1.56249999705344362e+03 2.57297196759980951e+00
1.21906250000000433e+01 1.52065003586917446e+04 6.34618026685232053e+03 2.15526806255440642e+04 -1.56249999705750747e+03 2.58260861210909809e+00
1.21937500000000441e+01 1.52106540998603741e+04 6.34432586723669647e+03 2.15549799670970715e+04 -1.56249999706085873e+03 2.59219941806462195e+00
1.21968750000000448e+01 1.52149374200692546e+04 6.34229285570724460e+03 2.15572302757764992e+04 -1.56249999706041535e+03 2.60174408278720426e+00
1.22000000000000455e+01 1.52193499338356469e+04 6.34008178602089902e+03 2.15594317198565477e+04 -1.56249999706840163e+03 2.61124230880626795e+00
1.22031250000000462e+01 1.52238912347531877e+04 6.33769323687605902e+03 2.15615844716292486e+04 -1.56249999707279630e+03 2.62069380381780270e+00
1.22062500000000469e+01 1.52285608961396792e+04 6.33512781175236523e+03 2.15636887078920445e+04 -1.56249999707606798e+03 2.63009828064394124e+00
1.22093750000000476e+01 1.52333584706284892e+04 6.33238613874968905e+03 2.15657446093781764e+04 -1.56249999706944391e+03 2.63945545719409047e+00
1.22125000000000483e+01 1.52382834912088838e+04 6.32946887042679919e+03 2.15677523616356848e+04 -1.56249999707150619e+03 2.64876505642758620e+00
1.22156250000000490e+01 1.52433354701059379e+04 6.32637668363981902e+03 2.15697121537457570e+04 -1.56249999706696963e+03 2.65802680631782140e+00
1.22187500000000497e+01 1.52485138997977519e+04 6.32311027938021834e+03 2.15716241791779685e+04 -1.56249999705911159e+03 2.66724043981779868e+00
1.22218750000000504e+01 1.52538182529289370e+04 6.31967038261289781e+03 2.15734886355418348e+04 -1.56249999705745722e+03 2.67640569482707624e+00
1.22250000000000512e+01 1.52592479819052351e+04 6.31605774211515927e+03 2.15753057240203925e+04 -1.56249999704778202e+03 2.68552231416005860e+00
1.22281250000000519e+01 1.52648025197712614e+04 6.31227313031532867e+03 2.15770756500865900e+04 -1.56249999703561571e+03 2.69459004551559467e+00
1.22312500000000526e+01 1.52704812798559651e+04 6.30831734313204106e+03 2.15787986229880044e+04 -1.56249999701886622e+03 2.70360864144784685e+00
1.22343750000000533e+01 1.52762836561602962e+04 6.30419119981429503e+03 2.15804748559745931e+04 -1.56249999701007914e+03 2.71257785933838980e+00
1.22375000000000540e+01 1.52822090229784699e+04 6.29989554278162996e+03 2.15821045657600989e+04 -1.56249999700765602e+03 2.72149746136949400e+00
1.22406250000000547e+01 1.52882567353601153e+04 6.29543123746524725e+03 2.15836879728253625e+04 -1.56249999700736453e+03 2.73036721449858399e+00
1.22437500000000554e+01 1.52944261293553718e+04 6.29079917214978104e+03 2.15852253015051538e+04 -1.56249999701300567e+03 2.73918689043379748e+00
1.22468750000000561e+01 1.53007165214933830e+04 6.28600025781577006e+03 2.15867167793091539e+04 -1.56249999701586103e+03 2.74795626561063822e+00
1.22500000000000568e+01 1.53071272095722070e+04 6.28103542798275248e+03 2.15881626375549604e+04 -1.56249999701891056e+03 2.75667512116968716e+00
1.22531250000000576e+01 1.53136574726362724e+04 6.27590563855356140e+03 2.15895631111898329e+04 -1.56249999703226013e+03 2.76534324293531286e+00
1.22562500000000583e+01 1.53203065705359550e+04 6.27061186765976254e+03 2.15909184381957166e+04 -1.56249999704557740e+03 2.77396042139539079e+00
1.22593750000000590e+01 1.53270737444494862e+04 6.26515511550826250e+03 2.15922288599577478e+04 -1.56249999705456003e+03 2.78252645168194412e+00
1.22625000000000597e+01 1.53339582170549347e+04 6.25953640422941862e+03 2.15934946212843533e+04 -1.56249999706013818e+03 2.79104113355273453e+00
1.22656250000000604e+01 1.53409591924713786e+04 6.25375677772621020e+03 2.15947159701975907e+04 -1.56249999706319022e+03 2.79950427137371749e+00
1.22687500000000611e+01 1.53480758564780117e+04 6.24781730152415912e+03 2.15958931580021708e+04 -1.56249999707412780e+03 2.80791567410237075e+00
1.22718750000000618e+01 1.53553073762264958e+04 6.24171906262292396e+03 2.15970264388494179e+04 -1.56249999708468135e+03 2.81627515527183725e+00
1.22750000000000625e+01 1.53626529007460740e+04 6.23546316934943206e+03 2.15981160700955079e+04 -1.56249999710179782e+03 2.82458253297587714e+00
1.22781250000000632e+01 1.53701115607012871e+04 6.22905075121163918e+03 2.15991623119129254e+04 -1.56249999711870100e+03 2.83283762985457788e+00
1.22812500000000639e+01 1.53776824684902640e+04 6.22248295875261283e+03 2.16001654272428786e+04 -1.56249999712418730e+03 2.84104027308080909e+00
1.22843750000000647e+01 1.53853647187428232e+04 6.21576096340562799e+03 2.16011256821484494e+04 -1.56249999712370527e+03 2.84919029434738258e+00
1.22875000000000654e+01 1.53931573878598101e+04 6.20888595734928913e+03 2.16020433452090983e+04 -1.56249999711012288e+03 2.85728752985490164e+00
1.22906250000000661e+01 1.54010595347159178e+04 6.20185915336259495e+03 2.16029186880785128e+04 -1.56249999709806525e+03 2.86533182030025246e+00
1.22937500000000668e+01 1.54090702001877235e+04 6.19468178467997677e+03 2.16037519848677002e+04 -1.56249999708301675e+03 2.87332301086573860e+00
1.22968750000000675e+01 1.54171884071694003e+04 6.18735510484528277e+03 2.16045435120146831e+04 -1.56249999705691016e+03 2.88126095120880032e+00
1.23000000000000682e+01 1.54254131614337439e+04 6.17988038756509923e+03 2.16052935489988449e+04 -1.56249999703329377e+03 2.88914549545231436e+00
1.23031250000000689e+01 1.54337434509532504e+04 6.17225892656100768e+03 2.16060023775142581e+04 -1.56249999701788920e+03 2.89697650217544345e+00
1.23062500000000696e+01 1.54421782460022278e+04 6.16449203542101077e+03 2.16066702814232376e+04 -1.56249999701085517e+03 2.90475383440499657e+00
1.23093750000000703e+01 1.54507164995392541e+04 6.15658104744974389e+03 2.16072975469889971e+04 -1.56249999700776425e+03 2.91247735960729548e+00
1.23125000000000711e+01 1.54593571471508694e+04 6.14852731551747365e+03 2.16078844626683422e+04 -1.56249999700928765e+03 2.92014694968050481e+00
1.23156250000000718e+01 1.54680991070555610e+04 6.14033221190816585e+03 2.16084313189637251e+04 -1.56249999700748003e+03 2.92776248094740588e+00
1.23187500000000725e+01 1.54769412807898534e+04 6.13199712816677675e+03 2.16089384089566302e+04 -1.56249999701647585e+03 2.93532383414859188e+00
1.23218750000000732e+01 1.54858825521982144e+04 6.12352347494568494e+03 2.16094060271439012e+04 -1.56249999702674722e+03 2.94283089443606194e+00
1.23250000000000739e+01 1.54949217883315341e+04 6.11491268185025729e+03 2.16098344701817914e+04 -1.56249999703242543e+03 2.95028355136718234e+00
1.23281250000000746e+01 1.55040578393057713e+04 6.10616619728386286e+03 2.16102240365896359e+04 -1.56249999703575986e+03 2.95768169889898980e+00
1.23312500000000753e+01 1.55132895386199561e+04 6.09728548829245665e+03 2.16105750269124110e+04 -1.56249999704371680e+03 2.96502523538282681e+00
1.23343750000000760e+01 1.55226157028389789e+04 6.08827204040910237e+03 2.16108877432480804e+04 -1.56249999704865240e+03 2.97231406355927064e+00
1.23375000000000767e+01 1.55320351318881494e+04 6.07912735749826334e+03 2.16111624893864137e+04 -1.56249999705474602e+03 2.97954809055334247e+00
1.23406250000000774e+01 1.55415466088422781e+04 6.06985296159984682e+03 2.16113995704421250e+04 -1.56249999704652350e+03 2.98672722786996303e+00
1.23437500000000782e+01 1.55511489010328860e+04 6.06045039277354499e+03 2.16115992938064301e+04 -1.56249999704663014e+03 2.99385139138964540e+00
1.23468750000000789e+01 1.55608407587476649e+04 6.05092120894318032e+03 2.16117619676908434e+04 -1.56249999704689071e+03 3.00092050136438981e+00
1.23500000000000796e+01 1.55706209160457711e+04 6.04126698574096190e+03 2.16118879017867330e+04 -1.56249999704519178e+03 3.00793448241376415e+00
1.23531250000000803e+01 1.55804880909877447e+04 6.03148931635186727e+03 2.16119774073396111e+04 -1.56249999704969855e+03 3.01489326352115095e+00
1.23562500000000810e+01 1.55904409853434154e+04 6.02158981135779504e+03 2.16120307967012122e+04 -1.56249999705901541e+03 3.02179677803013114e+00
1.23593750000000817e+01 1.56004782845442824e+04 6.01157009858252695e+03 2.16120483831268102e+04 -1.56249999706206108e+03 3.02864496364098690e+00
1.23625000000000824e+01 1.56105986584019975e+04 6.00143182293611335e+03 2.16120304813381117e+04 -1.56249999706745257e+03 3.03543776240730168e+00
1.23656250000000831e+01 1.56208007606010106e+04 5.99117664625883936e+03 2.16119774068598490e+04 -1.56249999707200004e+03 3.04217512073263396e+00
1.23687500000000838e+01 1.56310832290584567e+04 5.98080624716523926e+03 2.16118894762236960e+04 -1.56249999707376242e+03 3.04885698936725413e+00
1.23718750000000846e+01 1.56414446860090902e+04 5.97032232088715682e+03 2.16117670068962470e+04 -1.56249999707472307e+03 3.05548332340490036e+00
1.23750000000000853e+01 1.56518837380403074e+04 5.95972657911634542e+03 2.16116103171566538e+04 -1.56249999707281722e+03 3.06205408227955678e+00
1.23781250000000860e+01 1.56623989761527810e+04 5.94902074984641695e+03 2.16114197259991997e+04 -1.56249999706722383e+03 3.06856922976222179e+00
1.23812500000000867e+01 1.56729889761948743e+04 5.93820657721347652e+03 2.16111955534083500e+04 -1.56249999707284405e+03 3.07502873395764675e+00
1.23843750000000874e+01 1.56836522979012861e+04 5.92728582133523923e+03 2.16109381192365254e+04 -1.56249999707055031e+03 3.08143256730101944e+00
1.23875000000000881e+01 1.56943874863293240e+04 5.91626025814906370e+03 2.16106477444783886e+04 -1.56249999706669473e+03 3.08778070655459214e+00
1.23906250000000888e+01 1.57051930710898760e+04 5.90513167924803201e+03 2.16103247503379098e+04 -1.56249999706141307e+03 3.09407313280420704e+00
1.23937500000000895e+01 1.57160675667536416e+04 5.89390189171546808e+03 2.16099694584691097e+04 -1.56249999705351047e+03 3.10030983145571737e+00
1.23968750000000902e+01 1.57270094728717759e+04 5.88257271795771703e+03 2.16095821908294929e+04 -1.56249999704049151e+03 3.10649079223128100e+00
1.24000000000000909e+01 1.57380172743857984e+04 5.87114599553457629e+03 2.16091632699203765e+04 -1.56249999704032007e+03 3.11261600916551018e+00
1.24031250000000917e+01 1.57490894408392724e+04 5.85962357698795131e+03 2.16087130178272237e+04 -1.56249999703916319e+03 3.11868548060144057e+00
1.24062500000000924e+01 1.57602244274673503e+04 5.84800732966819851e+03 2.16082317571355488e+04 -1.56249999703739650e+03 3.12469920918633504e+00
1.24093750000000931e+01 1.57714206748159959e+04 5.83629913555826897e+03 2.16077198103742630e+04 -1.56249999703790195e+03 3.13065720186726093e+00
1.24125000000000938e+01 1.57826766088252043e+04 5.82450089109557484e+03 2.16071774999207773e+04 -1.56249999703467256e+03 3.13655946988646006e+00
1.24156250000000945e+01 1.57939906412290566e+04 5.81261450699082343e+03 2.16066051482198818e+04 -1.56249999703132630e+03 3.14240602877647124e+00
1.24187500000000952e+01 1.58053611695030850e+04 5.80064190804394275e+03 2.16060030775470295e+04 -1.56249999702444802e+03 3.14819689835499439e+00
1.24218750000000959e+01 1.58167865770248154e+04 5.78858503295707123e+03 2.16053716099818848e+04 -1.56249999702051355e+03 3.15393210271946955e+00
1.24250000000000966e+01 1.58282652331192603e+04 5.77644583414463978e+03 2.16047110672638992e+04 -1.56249999702314472e+03 3.15961167024137968e+00
1.24281250000000973e+01 1.58397954930016713e+04 5.76422627753956385e+03 2.16040217705412360e+04 -1.56249999702568402e+03 3.16523563356021498e+00
1.24312500000000981e+01 1.58513756983951662e+04 5.75192834239583226e+03 2.16033040407909975e+04 -1.56249999703276171e+03 3.17080402957713092e+00
1.24343750000000988e+01 1.58630041770542630e+04 5.73955402108727412e+03 2.16025581981415380e+04 -1.56249999703355525e+03 3.17631689944824336e+00
1.24375000000000995e+01 1.58746792438144785e+04 5.72710531890199309e+03 2.16017845627164716e+04 -1.56249999704130778e+03 3.18177428857756750e+00
1.24406250000001002e+01 1.58863991994331809e+04 5.71458425383366739e+03 2.16009834532668465e+04 -1.56249999704075094e+03 3.18717624660957410e+00
1.24437500000001009e+01 1.58981623320727558e+04 5.70199285636879904e+03 2.16001551884415530e+04 -1.56249999704024140e+03 3.19252282742135129e+00
1.24468750000001016e+01 1.59099669164552106e+04 5.68933316926994485e+03 2.15993000857251536e+04 -1.56249999703497770e+03 3.19781408911434450e+00
1.24500000000001023e+01 1.59218112147881493e+04 5.67660724735589065e+03 2.15984184621440399e+04 -1.56249999703264029e+03 3.20305009400568297e+00
1.24531250000001030e+01 1.59336934761870925e+04 5.66381715727847222e+03 2.15975106334655648e+04 -1.56249999702192167e+03 3.20823090861904836e+00
1.24562500000001037e+01 1.59456119374495502e+04 5.65096497729631665e+03 2.15965769147458668e+04 -1.56249999700904914e+03 3.21335660367509002e+00
1.24593750000001044e+01 1.59575648231756877e+04 5.63805279704551776e+03 2.15956176202212046e+04 -1.56249999701066145e+03 3.21842725408136499e+00
1.24625000000001052e+01 1.59695503453456877e+04 5.62508271730803699e+03 2.15946330626537238e+04 -1.56249999702130640e+03 3.22344293892178824e+00
1.24656250000001059e+01 1.59815667035541828e+04 5.61205684977750843e+03 2.15936235533316903e+04 -1.56249999702229343e+03 3.22840374144557218e+00
1.24687500000001066e+01 1.59936120859885887e+04 5.59897731682178164e+03 2.15925894028103721e+04 -1.56249999701551224e+03 3.23330974905566570e+00
1.24718750000001073e+01 1.60056846692147938e+04 5.58584625124247395e+03 2.15915309204572695e+04 -1.56249999700529474e+03 3.23816105329663539e+00
1.24750000000001080e+01 1.60177826181786804e+04 5.57266579603206173e+03 2.15904484142107431e+04 -1.56249999699850537e+03 3.24295774984202057e+00
1.24781250000001087e+01 1.60299040865019633e+04 5.55943810412773291e+03 2.15893421906296971e+04 -1.56249999699682303e+03 3.24769993848112026e+00
1.24812500000001094e+01 1.60420472163279701e+04 5.54616533816132869e+03 2.15882125544892988e+04 -1.56249999698800730e+03 3.25238772310520741e+00
1.24843750000001101e+01 1.60542101392560617e+04 5.53284967020527984e+03 2.15870598094613415e+04 -1.56249999697971225e+03 3.25702121169316161e+00
1.24875000000001108e+01 1.60663909759029102e+04 5.51949328151410555e+03 2.15858842574170158e+04 -1.56249999696290070e+03 3.26160051629649494e+00
1.24906250000001116e+01 1.60785878368181475e+04 5.50609836226091102e+03 2.15846861990790567e+04 -1.56249999695979182e+03 3.26612575302377461e+00
1.24937500000001123e+01 1.60907988216417962e+04 5.49266711126880909e+03 2.15834659329106071e+04 -1.56249999696442910e+03 3.27059704202442036e+00
1.24968750000001130e+01 1.61030220200066888e+04 5.47920173573652573e+03 2.15822237557432163e+04 -1.56249999696509303e+03 3.27501450747186951e+00
1.25000000000001137e+01 1.61152555115953055e+04 5.46570445095799187e+03 2.15809599625532974e+04 -1.56249999695564293e+03 3.27937827754609224e+00
1.25031250000001144e+01 1.61274973668873208e+04 5.45217748003586894e+03 2.15796748469231898e+04 -1.56249999695321162e+03 3.28368848441544969e+00
1.25062500000001151e+01 1.61397456465102478e+04 5.43862305358872072e+03 2.15783687000989667e+04 -1.56249999695002930e+03 3.28794526421789168e+00
1.25093750000001158e+01 1.61519984021977307e+04 5.42504340945196418e+03 2.15770418116496949e+04 -1.56249999695429779e+03 3.29214875704147270e+00
1.25125000000001165e+01 1.61642536767280835e+04 5.41144079237265305e+03 2.15756944691007375e+04 -1.56249999696795521e+03 3.29629910690417161e+00
1.25156250000001172e+01 1.61765095038874297e+04 5.39781745369820419e+03 2.15743269575856320e+04 -1.56249999697471867e+03 3.30039646173302881e+00
1.25187500000001180e+01 1.61887639094864699e+04 5.38417565105912399e+03 2.15729395605455938e+04 -1.56249999698483430e+03 3.30444097334257014e+00
1.25218750000001187e+01 1.62010149111584306e+04 5.37051764804610502e+03 2.15715325592045338e+04 -1.56249999700342460e+03 3.30843279741251006e+00
1.25250000000001194e+01 1.62132605184672793e+04 5.35684571388145559e+03 2.15701062323487349e+04 -1.56249999702137006e+03 3.31237209346473582e+00
1.25281250000001201e+01 1.62254987333209428e+04 5.34316212308511331e+03 2.15686608564060552e+04 -1.56249999702878949e+03 3.31625902483955759e+00
1.25312500000001208e+01 1.62377275507318918e+04 5.32946915513541171e+03 2.15671967058673035e+04 -1.56249999702646392e+03 3.32009375867122003e+00
1.25343750000001215e+01 1.62499449589070264e+04 5.31576909412504847e+03 2.15657140530320758e+04 -1.56249999702958803e+03 3.32387646586266206e+00
1.25375000000001222e+01 1.62621489390011629e+04 5.30206422841246513e+03 2.15642131674136290e+04 -1.56249999702722607e+03 3.32760732105952162e+00
1.25406250000001229e+01 1.62743374659997589e+04 5.28835685026770534e+03 2.15626943162674652e+04 -1.56249999702176478e+03 3.33128650262338333e+00
1.25437500000001236e+01 1.62865085089253171e+04 5.27464925551339002e+03 2.15611577644387071e+04 -1.56249999702083142e+03 3.33491419260424982e+00
1.25468750000001243e+01 1.62986600308693960e+04 5.26094374316151516e+03 2.15596037740309112e+04 -1.56249999701557863e+03 3.33849057671224925e+00
1.25500000000001251e+01 1.63107899897144107e+04 5.24724261504485457e+03 2.15580326047592644e+04 -1.56249999700598596e+03 3.34201584428854925e+00
1.25531250000001258e+01 1.63228963382679176e+04 5.23354817544303387e+03 2.15564445137109506e+04 -1.56249999699149384e+03 3.34549018827549638e+00
1.25562500000001265e+01 1.63349770247840061e+04 5.21986273070369862e+03 2.15548397554877047e+04 -1.56249999698241777e+03 3.34891380518596460e+00
1.25593750000001272e+01 1.63470299929591238e+04 5.20618858885881309e+03 2.15532185818179350e+04 -1.56249999697341946e+03 3.35228689507190269e+00
1.25625000000001279e+01 1.63590531828126768e+04 5.19252805923511642e+03 2.15515812420477923e+04 -1.56249999697667317e+03 3.35560966149209117e+00
1.25656250000001286e+01 1.63710445302358003e+04 5.17888345205946098e+03 2.15499279822952594e+04 -1.56249999698783677e+03 3.35888231147908689e+00
1.25687500000001293e+01 1.63830019677545588e+04 5.16525707805971706e+03 2.15482590458142768e+04 -1.56249999699137788e+03 3.36210505550537864e+00
1.25718750000001300e+01 1.63949234250656882e+04 5.15165124806005497e+03 2.15465746731257423e+04 -1.56249999698640454e+03 3.36527810744871703e+00
1.25750000000001307e+01 1.64068068298818762e+04 5.13806827257175610e+03 2.15448751024536323e+04 -1.56249999698664055e+03 3.36840168455664601e+00
1.25781250000001315e+01 1.64186501071003622e+04 5.12451046137985941e+03 2.15431605684802198e+04 -1.56249999697861858e+03 3.37147600741021947e+00
1.25812500000001322e+01 1.64304511801840817e+04 5.11098012312519768e+03 2.15414313033092803e+04 -1.56249999696912801e+03 3.37450129988689929e+00
1.25843750000001329e+01 1.64422079711835431e+04 5.09747956488271211e+03 2.15396875360662561e+04 -1.56249999696044983e+03 3.37747778912264929e+00
1.25875000000001336e+01 1.64539184012487895e+04 5.08401109173645455e+03 2.15379294929852440e+04 -1.56249999696000350e+03 3.38040570547320396e+00
1.25906250000001343e+01 1.64655803908926573e+04 5.07057700635090623e+03 2.15361573972435654e+04 -1.56249999697625708e+03 3.38328528247452365e+00
1.25937500000001350e+01 1.64771918598965603e+04 5.05717960853943077e+03 2.15343714684359911e+04 -1.56249999699147384e+03 3.38611675680244328e+00
1.25968750000001357e+01 1.64887507286669643e+04 5.04382119482930466e+03 2.15325719234962671e+04 -1.56249999700373428e+03 3.38890036823149288e+00
1.26000000000001364e+01 1.65002549181406794e+04 5.03050405802307068e+03 2.15307589761637500e+04 -1.56249999700801595e+03 3.39163635959291820e+00
1.26031250000001371e+01 1.65117023505026300e+04 5.01723048675651626e+03 2.15289328372591481e+04 -1.56249999701400725e+03 3.39432497673188216e+00
1.26062500000001378e+01 1.65230909491744533e+04 5.00400276505308375e+03 2.15270937142275361e+04 -1.56249999701757793e+03 3.39696646846385830e+00
1.26093750000001386e+01 1.65344186395120851e+04 4.99082317187439548e+03 2.15252418113864805e+04 -1.56249999701965862e+03 3.39956108653021838e+00
1.26125000000001393e+01 1.65456833492889091e+04 4.97769398066608755e+03 2.15233773299549975e+04 -1.56249999701965157e+03 3.40210908555301650e+00
1.26156250000001400e+01 1.65568830090772790e+04 4.96461745889938720e+03 2.15215004679766644e+04 -1.56249999702579908e+03 3.40461072298897216e+00
1.26187500000001407e+01 1.65680155524539950e+04 4.95159586760834554e+03 2.15196114200623415e+04 -1.56249999703668027e+03 3.40706625908265570e+00
1.26218750000001414e+01 1.65790789165219103e+04 4.93863146092193529e+03 2.15177103774438438e+04 -1.56249999704054039e+03 3.40947595681888194e+00
1.26250000000001421e+01 1.65900710426971964e+04 4.92572648559153913e+03 2.15157975282887346e+04 -1.56249999704318566e+03 3.41184008187432219e+00
1.26281250000001428e+01 1.66009898768630446e+04 4.91288318051422357e+03 2.15138730573772700e+04 -1.56249999704499714e+03 3.41415890256831922e+00
1.26312500000001435e+01 1.66118333700456824e+04 4.90010377625115507e+03 2.15119371462968375e+04 -1.56249999705050914e+03 3.41643268981294712e+00
1.26343750000001442e+01 1.66225994783599781e+04 4.88739049454194992e+03 2.15099899729019271e+04 -1.56249999704899574e+03 3.41866171706228261e+00
1.26375000000001450e+01 1.66332861641574455e+04 4.87474554781564439e+03 2.15080317119730898e+04 -1.56249999703888830e+03 3.42084626026092042e+00
1.26406250000001457e+01 1.66438913962924307e+04 4.86217113869791774e+03 2.15060625349903494e+04 -1.56249999703008825e+03 3.42298659779173642e+00
1.26437500000001464e+01 1.66544131505351797e+04 4.84966945951521484e+03 2.15040826100503946e+04 -1.56249999702054492e+03 3.42508301042288998e+00
1.26468750000001471e+01 1.66648494100097232e+04 4.83724269179686144e+03 2.15020921018065856e+04 -1.56249999701439583e+03 3.42713578125409812e+00
1.26500000000001478e+01 1.66751981655110794e+04 4.82489300577534959e+03 2.15000911712864290e+04 -1.56249999700794433e+03 3.42914519566217324e+00
1.26531250000001485e+01 1.66854574163184334e+04 4.81262255988475681e+03 2.14980799762031893e+04 -1.56249999699789669e+03 3.43111154124582818e+00
1.26562500000001492e+01 1.66956251707961346e+04 4.80043350025777818e+03 2.14960586710539137e+04 -1.56249999699362434e+03 3.43303510776978449e+00
1.26593750000001499e+01 1.67056994462570219e+04 4.78832796022185721e+03 2.14940274064788791e+04 -1.56249999698736337e+03 3.43491618710816038e+00
1.26625000000001506e+01 1.67156782701356206e+04 4.77630805979484649e+03 2.14919863299304670e+04 -1.56249999698296210e+03 3.43675507318717566e+00
1.26656250000001513e+01 1.67255596800734638e+04 4.76437590518021443e+03 2.14899355852536792e+04 -1.56249999697694261e+03 3.43855206192716789e+00
1.26687500000001521e+01 1.67353417247742509e+04 4.75253358826219392e+03 2.14878753130364457e+04 -1.56249999697717294e+03 3.44030745118393488e+00
1.26718750000001528e+01 1.67450224641362001e+04 4.74078318610091992e+03 2.14858056502371182e+04 -1.56249999698119859e+03 3.44202154068942567e+00
1.26750000000001535e+01 1.67545999695948303e+04 4.72912676042755629e+03 2.14837267300223866e+04 -1.56249999697859903e+03 3.44369463199177295e+00
1.26781250000001542e+01 1.67640723254518307e+04 4.71756635713976175e+03 2.14816386825915906e+04 -1.56249999697976818e+03 3.44532702839469618e+00
1.26812500000001549e+01 1.67734376285403268e+04 4.70610400579820543e+03 2.14795416343385332e+04 -1.56249999698019997e+03 3.44691903489627993e+00
1.26843750000001556e+01 1.67826939889846835e+04 4.69474171912381189e+03 2.14774357081084963e+04 -1.56249999697672979e+03 3.44847095812713711e+00
1.26875000000001563e+01 1.67918395309922744e+04 4.68348149249572634e+03 2.14753210234880025e+04 -1.56249999697407247e+03 3.44998310628798865e+00
1.26906250000001570e+01 1.68008723929433108e+04 4.67232530345036412e+03 2.14731976963936759e+04 -1.56249999697377416e+03 3.45145578908665440e+00
1.26937500000001577e+01 1.68097907278303719e+04 4.66127511118175789e+03 2.14710658390121316e+04 -1.56249999696226450e+03 3.45288931767446616e+00
1.26968750000001585e+01 1.68185927044106029e+04 4.65033285604330740e+03 2.14689255604539103e+04 -1.56249999695003157e+03 3.45428400458215545e+00
1.27000000000001592e+01 1.68272765073269074e+04 4.63950045905076513e+03 2.14667769663776708e+04 -1.56249999695491988e+03 3.45564016365517856e+00
1.27031250000001599e+01 1.68358403369351036e+04 4.62877982138686639e+03 2.14646201583219699e+04 -1.56249999695720271e+03 3.45695810998853226e+00
1.27062500000001606e+01 1.68442824107177803e+04 4.61817282390775836e+03 2.14624552346255368e+04 -1.56249999695422321e+03 3.45823815986106808e+00
1.27093750000001613e+01 1.68526009635134214e+04 4.60768132665109260e+03 2.14602822901645122e+04 -1.56249999694946587e+03 3.45948063066931200e+00
1.27125000000001620e+01 1.68607942480769671e+04 4.59730716834585837e+03 2.14581014164228254e+04 -1.56249999695198676e+03 3.46068584086081543e+00
1.27156250000001627e+01 1.68688605352750237e+04 4.58705216592457145e+03 2.14559127011995952e+04 -1.56249999695606789e+03 3.46185410986705477e+00
1.27187500000001634e+01 1.68767981147883620e+04 4.57691811403746306e+03 2.14537162288258260e+04 -1.56249999696336772e+03 3.46298575803589159e+00
1.27218750000001641e+01 1.68846052954392508e+04 4.56690678456932437e+03 2.14515120800085751e+04 -1.56249999696534360e+03 3.46408110656362123e+00
1.27250000000001648e+01 1.68922804062529831e+04 4.55701992615940799e+03 2.14493003324123929e+04 -1.56249999697004614e+03 3.46514047742660880e+00
1.27281250000001656e+01 1.68998217961443443e+04 4.54725926372455797e+03 2.14470810598689022e+04 -1.56249999697933981e+03 3.46616419331256687e+00
1.27312500000001663e+01 1.69072278347404754e+04 4.53762649798600251e+03 2.14448543327264779e+04 -1.56249999698928400e+03 3.46715257755144579e+00
1.27343750000001670e+01 1.69144969128736921e+04 4.52812330499997006e+03 2.14426202178736639e+04 -1.56249999699609407e+03 3.46810595404600397e+00
1.27375000000001677e+01 1.69216274431003621e+04 4.51875133569304035e+03 2.14403787787934016e+04 -1.56249999699964928e+03 3.46902464720204051e+00
1.27406250000001684e+01 1.69286178602811779e+04 4.50951221540241022e+03 2.14381300756835881e+04 -1.56249999700620219e+03 3.46990898185834151e+00
1.27437500000001691e+01 1.69354666217927042e+04 4.50040754342183664e+03 2.14358741652145400e+04 -1.56249999701918250e+03 3.47075928321632166e+00
1.27468750000001698e+01 1.69421722078060848e+04 4.49143889255323575e+03 2.14336111003593214e+04 -1.56249999702693958e+03 3.47157587676943358e+00
1.27500000000001705e+01 1.69487331223127148e+04 4.48260780866439381e+03 2.14313409309771087e+04 -1.56249999703537878e+03 3.47235908823231076e+00
1.27531250000001712e+01 1.69551478932696627e+04 4.47391581025310734e+03 2.14290637035227701e+04 -1.56249999704494007e+03 3.47310924346971106e+00
1.27562500000001720e+01 1.69614150731280024e+04 4.46536438801832628e+03 2.14267794611463287e+04 -1.56249999706339804e+03 3.47382666842524923e+00
1.27593750000001727e+01 1.69675332387092130e+04 4.45695500443841502e+03 2.14244882431476290e+04 -1.56249999707653205e+03 3.47451168904996299e+00
1.27625000000001734e+01 1.69735009926015846e+04 4.44868909335601074e+03 2.14221900859575944e+04 -1.56249999708931091e+03 3.47516463123072050e+00
1.27656250000001741e+01 1.69793169628252945e+04 4.44056805957005236e+03 2.14198850223953486e+04 -1.56249999709910753e+03 3.47578582071849906e+00
1.27687500000001748e+01 1.69849798034975975e+04 4.43259327843532810e+03 2.14175730819329256e+04 -1.56249999710315524e+03 3.47637558305655592e+00
1.27718750000001755e+01 1.69904881955196252e+04 4.42476609546932286e+03 2.14152542909889489e+04 -1.56249999710798966e+03 3.47693424350850666e+00
1.27750000000001762e+01 1.69958408465932189e+04 4.41708782596626224e+03 2.14129286725594793e+04 -1.56249999711134114e+03 3.47746212698634549e+00
1.27781250000001769e+01 1.70010364915940190e+04 4.40955975461865091e+03 2.14105962462126699e+04 -1.56249999710915199e+03 3.47795955797842549e+00
1.27812500000001776e+01 1.70060738933948596e+04 4.40218313514615511e+03 2.14082570285410147e+04 -1.56249999710604561e+03 3.47842686047742022e+00
1.27843750000001783e+01 1.70109518426754621e+04 4.39495918993256328e+03 2.14059110326080263e+04 -1.56249999709763870e+03 3.47886435790829029e+00
1.27875000000001791e+01 1.70156691587559653e+04 4.38788910967043557e+03 2.14035582684264009e+04 -1.56249999709342251e+03 3.47927237305627290e+00
1.27906250000001798e+01 1.70202246895974895e+04 4.38097405301356139e+03 2.14011987426110500e+04 -1.56249999708425526e+03 3.47965122799494964e+00
1.27937500000001805e+01 1.70246173124833986e+04 4.37421514623778421e+03 2.13988324587211828e+04 -1.56249999706978679e+03 3.48000124401435373e+00
1.27968750000001812e+01 1.70288459344353687e+04 4.36761348291032300e+03 2.13964594173456935e+04 -1.56249999706067956e+03 3.48032274154921017e+00
1.28000000000001819e+01 1.70329094920471944e+04 4.36117012356858322e+03 2.13940796156157776e+04 -1.56249999705154232e+03 3.48061604010728187e+00
1.28031250000001826e+01 1.70368069522453334e+04 4.35488609540810558e+03 2.13916930476534399e+04 -1.56249999704092306e+03 3.48088145819787442e+00
1.28062500000001833e+01 1.70405373127396379e+04 4.34876239198008989e+03 2.13892997047197277e+04 -1.56249999703721915e+03 3.48111931326050783e+00
1.28093750000001840e+01 1.70440996015281562e+04 4.34279997289943640e+03 2.13868995744275926e+04 -1.56249999703293588e+03 3.48132992159378363e+00
1.28125000000001847e+01 1.70474928782449861e+04 4.33699976356250409e+03 2.13844926418074901e+04 -1.56249999703191565e+03 3.48151359828448248e+00
1.28156250000001855e+01 1.70507162337906339e+04 4.33136265487530909e+03 2.13820788886659429e+04 -1.56249999703248432e+03 3.48167065713689361e+00
1.28187500000001862e+01 1.70537687907630898e+04 4.32588950299288808e+03 2.13796582937559797e+04 -1.56249999703100139e+03 3.48180141060242709e+00
1.28218750000001869e+01 1.70566497038797097e+04 4.32058112906918814e+03 2.13772308329488988e+04 -1.56249999702629884e+03 3.48190616970950639e+00
1.28250000000001876e+01 1.70593581602361337e+04 4.31543831901731210e+03 2.13747964792534476e+04 -1.56249999702786818e+03 3.48198524399378861e+00
1.28281250000001883e+01 1.70618933791884083e+04 4.31046182328063696e+03 2.13723552024690434e+04 -1.56249999702350715e+03 3.48203894142872183e+00
1.28312500000001890e+01 1.70642546131280578e+04 4.30565235661506995e+03 2.13699069697431260e+04 -1.56249999702217292e+03 3.48206756835646747e+00
1.28343750000001897e+01 1.70664411475453817e+04 4.30101059788159728e+03 2.13674517454269808e+04 -1.56249999702776040e+03 3.48207142941921610e+00
1.28375000000001904e+01 1.70684523007393109e+04 4.29653718984905572e+03 2.13649894905883666e+04 -1.56249999703103117e+03 3.48205082749091099e+00
1.28406250000001911e+01 1.70702874249645465e+04 4.29223273900802451e+03 2.13625201639725710e+04 -1.56249999704489983e+03 3.48200606360941745e+00
1.28437500000001918e+01 1.70719459054935942e+04 4.28809781539501819e+03 2.13600437208886142e+04 -1.56249999704462743e+03 3.48193743690914026e+00
1.28468750000001926e+01 1.70734271622208325e+04 4.28413295242667664e+03 2.13575601146475092e+04 -1.56249999705157643e+03 3.48184524455414124e+00
1.28500000000001933e+01 1.70747306484261971e+04 4.28033864674433698e+03 2.13550692951705350e+04 -1.56249999705223127e+03 3.48172978167175140e+00
1.28531250000001940e+01 1.70758558520511870e+04 4.27671535806877728e+03 2.13525712101199642e+04 -1.56249999705284063e+03 3.48159134128672099e+00
1.28562500000001947e+01 1.70768022950744598e+04 4.27326350906511107e+03 2.13500658041395727e+04 -1.56249999704757806e+03 3.48143021425592458e+00
1.28593750000001954e+01 1.70775695343338302e+04 4.26998348521757816e+03 2.13475530195514075e+04 -1.56249999704494985e+03 3.48124668920363645e+00
1.28625000000001961e+01 1.70781571610322535e+04 4.26687563471428984e+03 2.13450327957465415e+04 -1.56249999703663070e+03 3.48104105245741513e+00
1.28656250000001968e+01 1.70785648015880361e+04 4.26394026834165925e+03 2.13425050699296953e+04 -1.56249999703272329e+03 3.48081358798459828e+00
1.28687500000001975e+01 1.70787921169606343e+04 4.26117765938827870e+03 2.13399697763489130e+04 -1.56249999703070648e+03 3.48056457732945734e+00
1.28718750000001982e+01 1.70788388034081290e+04 4.25858804355857410e+03 2.13374268469667040e+04 -1.56249999703371600e+03 3.48029429955100111e+00
1.28750000000001990e+01 1.70787045921065146e+04 4.25617161889599265e+03 2.13348762110025054e+04 -1.56249999702937021e+03 3.48000303116148224e+00
1.28781250000001997e+01 1.70783892497171983e+04 4.25392854571595308e+03 2.13323177954331513e+04 -1.56249999702479772e+03 3.47969104606560187e+00
1.28812500000002004e+01 1.70778925784748899e+04 4.25185894654867116e+03 2.13297515250235592e+04 -1.56249999702479363e+03 3.47935861550045233e+00
1.28843750000002011e+01 1.70772144155503847e+04 4.24996290609178232e+03 2.13271773216421680e+04 -1.56249999702407763e+03 3.47900600797620818e+00
1.28875000000002018e+01 1.70763546339763707e+04 4.24824047117326973e+03 2.13245951051496413e+04 -1.56249999702257333e+03 3.47863348921758497e+00
1.28906250000002025e+01 1.70753131422523875e+04 4.24669165072422493e+03 2.13220047929766115e+04 -1.56249999701947900e+03 3.47824132210609971e+00
1.28937500000002032e+01 1.70740898843920513e+04 4.24531641576235052e+03 2.13194063001544018e+04 -1.56249999701245451e+03 3.47782976662313237e+00
1.28968750000002039e+01 1.70726848404732809e+04 4.24411469938590199e+03 2.13167995398591811e+04 -1.56249999701405932e+03 3.47739907979382412e+00
1.29000000000002046e+01 1.70710980259021817e+04 4.24308639677795145e+03 2.13141844226801331e+04 -1.56249999702057994e+03 3.47694951563182419e+00
1.29031250000002053e+01 1.70693294917205640e+04 4.24223136522134337e+03 2.13115608569419055e+04 -1.56249999702273590e+03 3.47648132508490582e+00
1.29062500000002061e+01 1.70673793251083844e+04 4.24154942412463242e+03 2.13089287492330186e+04 -1.56249999702814375e+03 3.47599475598147034e+00
1.29093750000002068e+01 1.70652476486022242e+04 4.24104035505856518e+03 2.13062880036607894e+04 -1.56249999703487538e+03 3.47549005297794711e+00
1.29125000000002075e+01 1.70629346206386108e+04 4.24070390180328104e+03 2.13036385224418918e+04 -1.56249999703894764e+03 3.47496745750713343e+00
1.29156250000002082e+01 1.70604404354048747e+04 4.24053977040674545e+03 2.13009802058116184e+04 -1.56249999704621632e+03 3.47442720772745561e+00
1.29187500000002089e+01 1.70577653226180519e+04 4.24054762925331306e+03 2.12983129518713649e+04 -1.56249999705377286e+03 3.47386953847319147e+00
1.29218750000002096e+01 1.70549095477102601e+04 4.24072710914306208e+03 2.12956366568533231e+04 -1.56249999706073550e+03 3.47329468120567153e+00
1.29250000000002103e+01 1.70518734116105952e+04 4.24107780338161137e+03 2.12929512149922084e+04 -1.56249999706234621e+03 3.47270286396545691e+00
1.29281250000002110e+01 1.70486572508389254e+04 4.24159926788032772e+03 2.12902565187192522e+04 -1.56249999706706330e+03 3.47209431132552249e+00
1.29312500000002117e+01 1.70452614372241114e+04 4.24229102126662838e+03 2.12875524584907398e+04 -1.56249999706549170e+03 3.47146924434546023e+00
1.29343750000002125e+01 1.70416863780771637e+04 4.24315254500438823e+03 2.12848389230815519e+04 -1.56249999705450159e+03 3.47082788052671232e+00
1.29375000000002132e+01 1.70379325162821806e+04 4.24418328352482240e+03 2.12821157998070048e+04 -1.56249999705067285e+03 3.47017043376884260e+00
1.29406250000002139e+01 1.70340003293738009e+04 4.24538264436678037e+03 2.12793829737405831e+04 -1.56249999704647962e+03 3.46949711432687335e+00
1.29437500000002146e+01 1.70298903300033926e+04 4.24674999832696358e+03 2.12766403283303553e+04 -1.56249999703549361e+03 3.46880812876968170e+00
1.29468750000002153e+01 1.70256030660831348e+04 4.24828467962045397e+03 2.12738877457035887e+04 -1.56249999702582681e+03 3.46810367993949242e+00
1.29500000000002160e+01 1.70211391202369487e+04 4.24998598605073494e+03 2.12711251062876836e+04 -1.56249999701526781e+03 3.46738396691245310e+00
1.29531250000002167e+01 1.70164991096686317e+04 4.25185317918946384e+03 2.12683522888580956e+04 -1.56249999700787066e+03 3.46664918496031138e+00
1.29562500000002174e+01 1.70116836860410585e+04 4.25388548456619174e+03 2.12655691706072503e+04 -1.56249999699638738e+03 3.46589952551321012e+00
1.29593750000002181e+01 1.70066935356017384e+04 4.25608209186843851e+03 2.12627756274701751e+04 -1.56249999699148566e+03 3.46513517612361399e+00
1.29625000000002188e+01 1.70015293785844624e+04 4.25844215515200085e+03 2.12599715337364614e+04 -1.56249999698441798e+03 3.46435632043135167e+00
1.29656250000002196e+01 1.69961919693459458e+04 4.26096479306115361e+03 2.12571567624070994e+04 -1.56249999697801968e+03 3.46356313812981531e+00
1.29687500000002203e+01 1.69906820962240017e+04 4.26364908905973698e+03 2.12543311852837396e+04 -1.56249999698385636e+03 3.46275580493330404e+00
1.29718750000002210e+01 1.69850005807572998e+04 4.26649409167231897e+03 2.12514946724296169e+04 -1.56249999698948500e+03 3.46193449254551844e+00
1.29750000000002217e+01 1.69791482781477171e+04 4.26949881473575897e+03 2.12486470928834751e+04 -1.56249999699336331e+03 3.46109936862922751e+00
1.29781250000002224e+01 1.69731260768758366e+04 4.27266223766141320e+03 2.12457883145372507e+04 -1.56249999699659747e+03 3.46025059677709645e+00
1.29812500000002231e+01 1.69669348982698830e+04 4.27598330570717462e+03 2.12429182039770567e+04 -1.56249999699719365e+03 3.45938833648370636e+00
1.29843750000002238e+01 1.69605756963283675e+04 4.27946093025971732e+03 2.12400366265880839e+04 -1.56249999699467935e+03 3.45851274311872192e+00
1.29875000000002245e+01 1.69540494577443278e+04 4.28309398912671350e+03 2.12371434468710431e+04 -1.56249999699223645e+03 3.45762396790128257e+00
1.29906250000002252e+01 1.69473572011980032e+04 4.28688132683873664e+03 2.12342385280367380e+04 -1.56249999698548800e+03 3.45672215787555492e+00
1.29937500000002260e+01 1.69404999776616933e+04 4.29082175496074888e+03 2.12313217326224403e+04 -1.56249999698251577e+03 3.45580745588748162e+00
1.29968750000002267e+01 1.69334788693808223e+04 4.29491405241273696e+03 2.12283929217935583e+04 -1.56249999697715248e+03 3.45488000056273403e+00
1.30000000000002274e+01 1.69262949903429217e+04 4.29915696579941323e+03 2.12254519561423367e+04 -1.56249999697494945e+03 3.45393992628584856e+00
1.30031250000002281e+01 1.69189494854963268e+04 4.30354920974908782e+03 2.12224986952454128e+04 -1.56249999697237945e+03 3.45298736318056632e+00
1.30062500000002288e+01 1.69114435304422041e+04 4.30808946726136219e+03 2.12195329977035653e+04 -1.56249999696551708e+03 3.45202243709136969e+00
1.30093750000002295e+01 1.69037783314983826e+04 4.31277639006311801e+03 2.12165547215615006e+04 -1.56249999695813244e+03 3.45104526956621616e+00
1.30125000000002302e+01 1.68959551251157718e+04 4.31760859897287992e+03 2.12135637240886499e+04 -1.56249999695665906e+03 3.45005597784047291e+00
1.30156250000002309e+01 1.68879751772766613e+04 4.32258468427304251e+03 2.12105598615497038e+04 -1.56249999695093265e+03 3.44905467482203809e+00
1.30187500000002316e+01 1.68798397839755926e+04 4.32770320609027658e+03 2.12075429900658710e+04 -1.56249999695884526e+03 3.44804146907767040e+00
1.30218750000002323e+01 1.68715502699374665e+04 4.33296269478321665e+03 2.12045129647206850e+04 -1.56249999697323483e+03 3.44701646482049862e+00
1.30250000000002331e+01 1.68631079885831896e+04 4.33836165133665054e+03 2.12014696399198401e+04 -1.56249999698220063e+03 3.44597976189873112e+00
1.30281250000002338e+01 1.68545143221740182e+04 4.34389854776365246e+03 2.11984128699376706e+04 -1.56249999699117620e+03 3.44493145578553683e+00
1.30312500000002345e+01 1.68457706809833035e+04 4.34957182751399796e+03 2.11953425084973023e+04 -1.56249999700052331e+03 3.44387163757013237e+00
1.30343750000002352e+01 1.68368785026019650e+04 4.35537990588855428e+03 2.11922584084905175e+04 -1.56249999699703585e+03 3.44280039395001713e+00
1.30375000000002359e+01 1.68278392525176387e+04 4.36132117046082476e+03 2.11891604229784643e+04 -1.56249999699742057e+03 3.44171780722440523e+00
1.30406250000002366e+01 1.68186544228302118e+04 4.36739398150419765e+03 2.11860484043344113e+04 -1.56249999699574437e+03 3.44062395528881071e+00
1.30437500000002373e+01 1.68093255324033162e+04 4.37359667242532578e+03 2.11829222048286429e+04 -1.56249999699216642e+03 3.43951891163079759e+00
1.30468750000002380e+01 1.67998541261912687e+04 4.37992755020401910e+03 2.11797816763952869e+04 -1.56249999699426553e+03 3.43840274532688239e+00
1.30500000000002387e+01 1.67902417750781242e+04 4.38638489583938826e+03 2.11766266709175106e+04 -1.56249999700791068e+03 3.43727552104058631e+00
1.30531250000002395e+01 1.67804900746486928e+04 4.39296696480173341e+03 2.11734570394504262e+04 -1.56249999701326578e+03 3.43613729902161769e+00
1.30562500000002402e+01 1.67706006460633944e+04 4.39967198749082490e+03 2.11702726335542175e+04 -1.56249999701635170e+03 3.43498813510619749e+00
1.30593750000002409e+01 1.67605751350537175e+04 4.40649816970110169e+03 2.11670733047548201e+04 -1.56249999702594323e+03 3.43382808071849288e+00
1.30625000000002416e+01 1.67504152111591393e+04 4.41344369309236208e+03 2.11638589042515014e+04 -1.56249999703151298e+03 3.43265718287317290e+00
1.30656250000002423e+01 1.67401225676308895e+04 4.42050671566694837e+03 2.11606292832978361e+04 -1.56249999703539515e+03 3.43147548417906290e+00
1.30687500000002430e+01 1.67296989209782587e+04 4.42768540989581743e+03 2.11573843308740761e+04 -1.56249999703667845e+03 3.43031035758657898e+00
1.30718750000002437e+01 1.67191460106618215e+04 4.43497788791944186e+03 2.11541238985812633e+04 -1.56249999703984554e+03 3.42916183632294436e+00
1.30750000000002444e+01 1.67084655983552293e+04 4.44238220204483150e+03 2.11508478004000608e+04 -1.56249999704454672e+03 3.42800261316475119e+00
1.30781250000002451e+01 1.66976594675354463e+04 4.44989642053445914e+03 2.11475558880699064e+04 -1.56249999705018035e+03 3.42683271110181664e+00
1.30812500000002458e+01 1.66867294229848958e+04 4.45751859047098878e+03 2.11442480134558864e+04 -1.56249999704978745e+03 3.42565214875040080e+00
1.30843750000002466e+01 1.66756772908054336e+04 4.46524673827093284e+03 2.11409240290763664e+04 -1.56249999704722040e+03 3.42446094036364634e+00
1.30875000000002473e+01 1.66645049174994347e+04 4.47307887020468115e+03 2.11375837877041158e+04 -1.56249999704913944e+03 3.42325909584303600e+00
1.30906250000002480e+01 1.66532141693390367e+04 4.48101297292256368e+03 2.11342271422615995e+04 -1.56249999705539221e+03 3.42204662075086574e+00
1.30937500000002487e+01 1.66418069322145384e+04 4.48904701398629913e+03 2.11308539462008375e+04 -1.56249999706285962e+03 3.42082351632370818e+00
1.30968750000002494e+01 1.66302851108988834e+04 4.49717894240593523e+03 2.11274640533048187e+04 -1.56249999706806284e+03 3.41958977948684861e+00
1.31000000000002501e+01 1.66186506288129640e+04 4.50540668918225583e+03 2.11240573179952189e+04 -1.56249999707015331e+03 3.41834540286969890e+00
1.31031250000002508e+01 1.66069054274956761e+04 4.51372816785434679e+03 2.11206335953500238e+04 -1.56249999706904237e+03 3.41709037482216038e+00
1.31062500000002515e+01 1.65950514657632848e+04 4.52214127505167380e+03 2.11171927408149568e+04 -1.56249999706651715e+03 3.41582467943191670e+00
1.31093750000002522e+01 1.65830907196858352e+04 4.53064389105045029e+03 2.11137346107362864e+04 -1.56249999706861331e+03 3.41454829654265168e+00
1.31125000000002530e+01 1.65710251814557705e+04 4.53923388033412266e+03 2.11102590617898932e+04 -1.56249999706901053e+03 3.41326120177317582e+00
1.31156250000002537e+01 1.65588568592610609e+04 4.54790909215765896e+03 2.11067659514187180e+04 -1.56249999706218500e+03 3.41196336653743515e+00
1.31187500000002544e+01 1.65465877771688247e+04 4.55666736111553655e+03 2.11032551382843594e+04 -1.56249999706141398e+03 3.41065475806540297e+00
1.31218750000002551e+01 1.65342199737082592e+04 4.56550650771283563e+03 2.10997264814210939e+04 -1.56249999706124299e+03 3.40933533942481892e+00
1.31250000000002558e+01 1.65217555019182619e+04 4.57442433893975613e+03 2.10961798408580180e+04 -1.56249999706039671e+03 3.40800506954378024e+00
1.31281250000002565e+01 1.65091964286976654e+04 4.58341864884899405e+03 2.10926150775466594e+04 -1.56249999706575545e+03 3.40666390323414836e+00
1.31312500000002572e+01 1.64965448338124443e+04 4.59248721913503050e+03 2.10890320529474739e+04 -1.56249999706000699e+03 3.40531179121576510e+00
1.31343750000002579e+01 1.64838028103177567e+04 4.60162781971635923e+03 2.10854306300341159e+04 -1.56249999704440302e+03 3.40394868014146867e+00
1.31375000000002586e+01 1.64709724636017563e+04 4.61083820932022172e+03 2.10818106729219799e+04 -1.56249999703514754e+03 3.40257451262286548e+00
1.31406250000002593e+01 1.64580559104994318e+04 4.62011613606850369e+03 2.10781720465679355e+04 -1.56249999703579738e+03 3.40118922725687822e+00
1.31437500000002601e+01 1.64450552786413027e+04 4.62945933806503490e+03 2.10745146167063358e+04 -1.56249999703223511e+03 3.39979275865301744e+00
1.31468750000002608e+01 1.64319727065302468e+04 4.63886554398468979e+03 2.10708382505149348e+04 -1.56249999703064850e+03 3.39838503746138132e+00
1.31500000000002615e+01 1.64188103427149836e+04 4.64833247366352316e+03 2.10671428163785058e+04 -1.56249999702950527e+03 3.39696599040136205e+00
1.31531250000002622e+01 1.64055703451492191e+04 4.65785783868926046e+03 2.10634281838384777e+04 -1.56249999702907962e+03 3.39553554029103477e+00
1.31562500000002629e+01 1.63922548807948697e+04 4.66743934299223292e+03 2.10596942237871044e+04 -1.56249999702703508e+03 3.39409360607721711e+00
1.31593750000002636e+01 1.63788661249516390e+04 4.67707468343643177e+03 2.10559408083880699e+04 -1.56249999702305195e+03 3.39264010286617390e+00
1.31625000000002643e+01 1.63654062605717536e+04 4.68676155040980757e+03 2.10521678109815621e+04 -1.56249999700999365e+03 3.39117494195497082e+00
1.31656250000002650e+01 1.63518774782125438e+04 4.69649762841401935e+03 2.10483751066265613e+04 -1.56249999699896080e+03 3.38969803086342836e+00
1.31687500000002657e+01 1.63382819749653954e+04 4.70628059665366163e+03 2.10445625716190552e+04 -1.56249999698741885e+03 3.38820927336667976e+00
1.31718750000002665e+01 1.63246219543169773e+04 4.71610812962409545e+03 2.10407300839410746e+04 -1.56249999697932208e+03 3.38670856952831345e+00
1.31750000000002672e+01 1.63108996253384375e+04 4.72597789769784504e+03 2.10368775230362808e+04 -1.56249999698151555e+03 3.38519581573407580e+00
1.31781250000002679e+01 1.62971172017920890e+04 4.73588756770894361e+03 2.10330047695010326e+04 -1.56249999698461670e+03 3.38367090472611620e+00
1.31812500000002686e+01 1.62832769023493202e+04 4.74583480353628693e+03 2.10291117058856071e+04 -1.56249999699011869e+03 3.38213372563776593e+00
1.31843750000002693e+01 1.62693809494799116e+04 4.75581726668580450e+03 2.10251982161657143e+04 -1.56249999699029104e+03 3.38058416402882500e+00
1.31875000000002700e+01 1.62554315694527504e+04 4.76583261687047252e+03 2.10212641863232238e+04 -1.56249999700133458e+03 3.37902210192134422e+00
1.31906250000002707e+01 1.62414309909573512e+04 4.77587851258881619e+03 2.10173095035461665e+04 -1.56249999700854050e+03 3.37744741783588553e+00
1.31937500000002714e+01 1.62273814455609336e+04 4.78595261170165213e+03 2.10133340572625857e+04 -1.56249999702025775e+03 3.37585998682823396e+00
1.31968750000002721e+01 1.62132851663237161e+04 4.79605257200674077e+03 2.10093377383304578e+04 -1.56249999703202093e+03 3.37425968052656078e+00
1.32000000000002728e+01 1.61991443877346737e+04 4.80617605181153522e+03 2.10053204395462089e+04 -1.56249999704392349e+03 3.37264636716901967e+00
