7.50195312500000044e-01 6.73340216813190828e+00 2.98294986149256147e+03 2.98968326366069323e+03 -1.98440170753910843e+03 1.48532784432264475e+00
7.50390625000000089e-01 6.73044848115358985e+00 2.98295281517950571e+03 2.98968326366065912e+03 -1.98440170753910843e+03 1.48532784432264475e+00
7.50585937500000133e-01 6.72749494126883363e+00 2.98295576871935555e+03 2.98968326366062456e+03 -1.98440170753910843e+03 1.48532784432264475e+00
7.50781250000000178e-01 6.72454154900328049e+00 2.98295872211158621e+03 2.98968326366058955e+03 -1.98440170753910843e+03 1.48532784432264475e+00
7.50976562500000222e-01 6.72158830488255088e+00 2.98296167535567292e+03 2.98968326366055544e+03 -1.98440170753910866e+03 1.48532784432264475e+00
7.51171875000000266e-01 6.71863520943215597e+00 2.98296462845108863e+03 2.98968326366052088e+03 -1.98440170753910843e+03 1.48532784432264520e+00
7.51367187500000311e-01 6.71568226317752615e+00 2.98296758139730809e+03 2.98968326366048541e+03 -1.98440170753910888e+03 1.48532784432264475e+00
7.51562500000000355e-01 6.71272946664402337e+00 2.98297053419380745e+03 2.98968326366045130e+03 -1.98440170753910866e+03 1.48532784432264520e+00
7.51757812500000400e-01 6.70977682035691014e+00 2.98297348684006010e+03 2.98968326366041720e+03 -1.98440170753910843e+03 1.48532784432264564e+00
7.51953125000000444e-01 6.70682432484142144e+00 2.98297643933554082e+03 2.98968326366038218e+03 -1.98440170753910843e+03 1.48532784432264497e+00
7.52148437500000488e-01 6.70387198062265011e+00 2.98297939167972527e+03 2.98968326366034808e+03 -1.98440170753910866e+03 1.48532784432264475e+00
7.52343750000000533e-01 6.70091978822565260e+00 2.98298234387208777e+03 2.98968326366031351e+03 -1.98440170753910843e+03 1.48532784432264542e+00
7.52539062500000577e-01 6.69796774817538143e+00 2.98298529591210308e+03 2.98968326366027850e+03 -1.98440170753910843e+03 1.48532784432264542e+00
7.52734375000000622e-01 6.69501586099675450e+00 2.98298824779924735e+03 2.98968326366024394e+03 -1.98440170753910843e+03 1.48532784432264520e+00
7.52929687500000666e-01 6.69206412721454758e+00 2.98299119953299487e+03 2.98968326366020938e+03 -1.98440170753910866e+03 1.48532784432264453e+00
7.53125000000000711e-01 6.68911254735350447e+00 2.98299415111282133e+03 2.98968326366017482e+03 -1.98440170753910888e+03 1.48532784432264475e+00
7.53320312500000755e-01 6.68616112193827306e+00 2.98299710253820194e+03 2.98968326366014026e+03 -1.98440170753910843e+03 1.48532784432264520e+00
7.53515625000000799e-01 6.68320985149339641e+00 2.98300005380861239e+03 2.98968326366010569e+03 -1.98440170753910843e+03 1.48532784432264497e+00
7.53710937500000844e-01 6.68025873654339541e+00 2.98300300492352744e+03 2.98968326366007068e+03 -1.98440170753910843e+03 1.48532784432264497e+00
7.53906250000000888e-01 6.67730777761266658e+00 2.98300595588242413e+03 2.98968326366003657e+03 -1.98440170753910843e+03 1.48532784432264520e+00
7.54101562500000933e-01 6.67435697522555760e+00 2.98300890668477678e+03 2.98968326366000247e+03 -1.98440170753910866e+03 1.48532784432264542e+00
7.54296875000000977e-01 6.67140632990629712e+00 2.98301185733006150e+03 2.98968326365996791e+03 -1.98440170753910843e+03 1.48532784432264497e+00
7.54492187500001021e-01 6.66845584217905785e+00 2.98301480781775399e+03 2.98968326365993289e+03 -1.98440170753910843e+03 1.48532784432264475e+00
7.54687500000001066e-01 6.66550551256793788e+00 2.98301775814733082e+03 2.98968326365989878e+03 -1.98440170753910843e+03 1.48532784432264497e+00
7.54882812500001110e-01 6.66255534159693319e+00 2.98302070831826722e+03 2.98968326365986422e+03 -1.98440170753910843e+03 1.48532784432264475e+00
7.55078125000001155e-01 6.65960532978999886e+00 2.98302365833003978e+03 2.98968326365982966e+03 -1.98440170753910866e+03 1.48532784432264520e+00
7.55273437500001199e-01 6.65665547767095500e+00 2.98302660818212462e+03 2.98968326365979556e+03 -1.98440170753910843e+03 1.48532784432264542e+00
7.55468750000001243e-01 6.65370578576359595e+00 2.98302955787399696e+03 2.98968326365976054e+03 -1.98440170753910866e+03 1.48532784432264497e+00
7.55664062500001288e-01 6.65075625459159614e+00 2.98303250740513431e+03 2.98968326365972598e+03 -1.98440170753910843e+03 1.48532784432264542e+00
7.55859375000001332e-01 6.64780688467856784e+00 2.98303545677501370e+03 2.98968326365969233e+03 -1.98440170753910820e+03 1.48532784432264542e+00
7.56054687500001377e-01 6.64485767654804427e+00 2.98303840598310944e+03 2.98968326365965731e+03 -1.98440170753910888e+03 1.48532784432264520e+00
7.56250000000001421e-01 6.64190863072344317e+00 2.98304135502889949e+03 2.98968326365962275e+03 -1.98440170753910866e+03 1.48532784432264453e+00
7.56445312500001465e-01 6.63895974772816189e+00 2.98304430391186042e+03 2.98968326365958865e+03 -1.98440170753910843e+03 1.48532784432264475e+00
7.56640625000001510e-01 6.63601102808546450e+00 2.98304725263146838e+03 2.98968326365955363e+03 -1.98440170753910843e+03 1.48532784432264431e+00
7.56835937500001554e-01 6.63306247231856805e+00 2.98305020118720086e+03 2.98968326365951953e+03 -1.98440170753910843e+03 1.48532784432264453e+00
7.57031250000001599e-01 6.63011408095057320e+00 2.98305314957853443e+03 2.98968326365948496e+03 -1.98440170753910843e+03 1.48532784432264564e+00
7.57226562500001643e-01 6.62716585450453177e+00 2.98305609780494615e+03 2.98968326365945086e+03 -1.98440170753910843e+03 1.48532784432264475e+00
7.57421875000001688e-01 6.62421779350340678e+00 2.98305904586591259e+03 2.98968326365941584e+03 -1.98440170753910843e+03 1.48532784432264520e+00
7.57617187500001732e-01 6.62126989847006175e+00 2.98306199376091172e+03 2.98968326365938174e+03 -1.98440170753910843e+03 1.48532784432264475e+00
7.57812500000001776e-01 6.61832216992730515e+00 2.98306494148942056e+03 2.98968326365934809e+03 -1.98440170753910843e+03 1.48532784432264542e+00
7.58007812500001821e-01 6.61537460839783442e+00 2.98306788905091526e+03 2.98968326365931307e+03 -1.98440170753910843e+03 1.48532784432264564e+00
7.58203125000001865e-01 6.61242721440429104e+00 2.98307083644487466e+03 2.98968326365927896e+03 -1.98440170753910843e+03 1.48532784432264564e+00
7.58398437500001910e-01 6.60947998846921525e+00 2.98307378367077536e+03 2.98968326365924440e+03 -1.98440170753910843e+03 1.48532784432264520e+00
7.58593750000001954e-01 6.60653293111509132e+00 2.98307673072809484e+03 2.98968326365920984e+03 -1.98440170753910866e+03 1.48532784432264564e+00
7.58789062500001998e-01 6.60358604286426498e+00 2.98307967761631153e+03 2.98968326365917574e+03 -1.98440170753910843e+03 1.48532784432264520e+00
7.58984375000002043e-01 6.60063932423906774e+00 2.98308262433490199e+03 2.98968326365914118e+03 -1.98440170753910866e+03 1.48532784432264564e+00
7.59179687500002087e-01 6.59769277576170055e+00 2.98308557088334510e+03 2.98968326365910661e+03 -1.98440170753910866e+03 1.48532784432264608e+00
7.59375000000002132e-01 6.59474639795432349e+00 2.98308851726111834e+03 2.98968326365907251e+03 -1.98440170753910797e+03 1.48532784432264564e+00
7.59570312500002176e-01 6.59180019133895723e+00 2.98309146346769921e+03 2.98968326365903795e+03 -1.98440170753910843e+03 1.48532784432264520e+00
7.59765625000002220e-01 6.58885415643759220e+00 2.98309440950256612e+03 2.98968326365900384e+03 -1.98440170753910843e+03 1.48532784432264564e+00
7.59960937500002265e-01 6.58590829377212472e+00 2.98309735536519747e+03 2.98968326365896974e+03 -1.98440170753910843e+03 1.48532784432264520e+00
7.60156250000002309e-01 6.58296260386433296e+00 2.98310030105507121e+03 2.98968326365893563e+03 -1.98440170753910843e+03 1.48532784432264564e+00
7.60351562500002354e-01 6.58001708723596224e+00 2.98310324657166530e+03 2.98968326365890107e+03 -1.98440170753910843e+03 1.48532784432264497e+00
7.60546875000002398e-01 6.57707174440862374e+00 2.98310619191445767e+03 2.98968326365886651e+03 -1.98440170753910866e+03 1.48532784432264475e+00
7.60742187500002442e-01 6.57412657590387717e+00 2.98310913708292810e+03 2.98968326365883195e+03 -1.98440170753910820e+03 1.48532784432264497e+00
7.60937500000002487e-01 6.57118158224321469e+00 2.98311208207655454e+03 2.98968326365879784e+03 -1.98440170753910843e+03 1.48532784432264564e+00
7.61132812500002531e-01 6.56823676394800504e+00 2.98311502689481540e+03 2.98968326365876328e+03 -1.98440170753910843e+03 1.48532784432264520e+00
7.61328125000002576e-01 6.56529212153953967e+00 2.98311797153718999e+03 2.98968326365872963e+03 -1.98440170753910843e+03 1.48532784432264475e+00
7.61523437500002620e-01 6.56234765553905408e+00 2.98312091600315625e+03 2.98968326365869552e+03 -1.98440170753910888e+03 1.48532784432264475e+00
7.61718750000002665e-01 6.55940336646769317e+00 2.98312386029219306e+03 2.98968326365866096e+03 -1.98440170753910843e+03 1.48532784432264431e+00
7.61914062500002709e-01 6.55645925484647574e+00 2.98312680440378017e+03 2.98968326365862686e+03 -1.98440170753910843e+03 1.48532784432264475e+00
7.62109375000002753e-01 6.55351532119639657e+00 2.98312974833739599e+03 2.98968326365859230e+03 -1.98440170753910843e+03 1.48532784432264431e+00
7.62304687500002798e-01 6.55057156603832702e+00 2.98313269209251985e+03 2.98968326365855819e+03 -1.98440170753910843e+03 1.48532784432264497e+00
7.62500000000002842e-01 6.54762798989306027e+00 2.98313563566863104e+03 2.98968326365852408e+03 -1.98440170753910888e+03 1.48532784432264475e+00
7.62695312500002887e-01 6.54468459328131313e+00 2.98313857906520843e+03 2.98968326365848952e+03 -1.98440170753910843e+03 1.48532784432264475e+00
7.62890625000002931e-01 6.54174137672370293e+00 2.98314152228173134e+03 2.98968326365845496e+03 -1.98440170753910843e+03 1.48532784432264475e+00
7.63085937500002975e-01 6.53879834074078570e+00 2.98314446531768044e+03 2.98968326365842131e+03 -1.98440170753910866e+03 1.48532784432264520e+00
7.63281250000003020e-01 6.53585548585303133e+00 2.98314740817253369e+03 2.98968326365838675e+03 -1.98440170753910866e+03 1.48532784432264564e+00
7.63476562500003064e-01 6.53291281258079248e+00 2.98315035084577175e+03 2.98968326365835264e+03 -1.98440170753910843e+03 1.48532784432264520e+00
7.63671875000003109e-01 6.52997032144434719e+00 2.98315329333687441e+03 2.98968326365831854e+03 -1.98440170753910843e+03 1.48532784432264608e+00
7.63867187500003153e-01 6.52702801296393620e+00 2.98315623564532052e+03 2.98968326365828443e+03 -1.98440170753910888e+03 1.48532784432264542e+00
7.64062500000003197e-01 6.52408588765964570e+00 2.98315917777059030e+03 2.98968326365824987e+03 -1.98440170753910843e+03 1.48532784432264564e+00
7.64257812500003242e-01 6.52114394605151571e+00 2.98316211971216489e+03 2.98968326365821622e+03 -1.98440170753910843e+03 1.48532784432264542e+00
7.64453125000003286e-01 6.51820218865950629e+00 2.98316506146952224e+03 2.98968326365818166e+03 -1.98440170753910866e+03 1.48532784432264564e+00
7.64648437500003331e-01 6.51526061600346651e+00 2.98316800304214394e+03 2.98968326365814755e+03 -1.98440170753910843e+03 1.48532784432264520e+00
7.64843750000003375e-01 6.51231922860316281e+00 2.98317094442951020e+03 2.98968326365811345e+03 -1.98440170753910843e+03 1.48532784432264564e+00
7.65039062500003419e-01 6.50937802697828793e+00 2.98317388563110080e+03 2.98968326365807889e+03 -1.98440170753910843e+03 1.48532784432264520e+00
7.65234375000003464e-01 6.50643701164845378e+00 2.98317682664639642e+03 2.98968326365804478e+03 -1.98440170753910888e+03 1.48532784432264520e+00
7.65429687500003508e-01 6.50349618313317990e+00 2.98317976747487774e+03 2.98968326365801113e+03 -1.98440170753910843e+03 1.48532784432264520e+00
7.65625000000003553e-01 6.50055554195189522e+00 2.98318270811602497e+03 2.98968326365797702e+03 -1.98440170753910843e+03 1.48532784432264520e+00
7.65820312500003597e-01 6.49761508862394344e+00 2.98318564856931926e+03 2.98968326365794337e+03 -1.98440170753910843e+03 1.48532784432264564e+00
7.66015625000003642e-01 6.49467482366857585e+00 2.98318858883423991e+03 2.98968326365790836e+03 -1.98440170753910843e+03 1.48532784432264520e+00
7.66210937500003686e-01 6.49173474760496916e+00 2.98319152891026943e+03 2.98968326365787425e+03 -1.98440170753910843e+03 1.48532784432264520e+00
7.66406250000003730e-01 6.48879486095220326e+00 2.98319446879688849e+03 2.98968326365784060e+03 -1.98440170753910866e+03 1.48532784432264542e+00
7.66601562500003775e-01 6.48585516422928876e+00 2.98319740849357686e+03 2.98968326365780604e+03 -1.98440170753910843e+03 1.48532784432264608e+00
7.66796875000003819e-01 6.48291565795511460e+00 2.98320034799981704e+03 2.98968326365777193e+03 -1.98440170753910866e+03 1.48532784432264586e+00
7.66992187500003864e-01 6.47997634264852440e+00 2.98320328731508971e+03 2.98968326365773828e+03 -1.98440170753910843e+03 1.48532784432264564e+00
7.67187500000003908e-01 6.47703721882825167e+00 2.98320622643887600e+03 2.98968326365770417e+03 -1.98440170753910866e+03 1.48532784432264497e+00
7.67382812500003952e-01 6.47409828701293932e+00 2.98320916537065705e+03 2.98968326365767007e+03 -1.98440170753910843e+03 1.48532784432264564e+00
7.67578125000003997e-01 6.47115954772115831e+00 2.98321210410991443e+03 2.98968326365763551e+03 -1.98440170753910843e+03 1.48532784432264608e+00
7.67773437500004041e-01 6.46822100147138368e+00 2.98321504265613021e+03 2.98968326365760140e+03 -1.98440170753910843e+03 1.48532784432264564e+00
7.67968750000004086e-01 6.46528264878200876e+00 2.98321798100878550e+03 2.98968326365756730e+03 -1.98440170753910843e+03 1.48532784432264520e+00
7.68164062500004130e-01 6.46234449017130697e+00 2.98322091916736235e+03 2.98968326365753364e+03 -1.98440170753910866e+03 1.48532784432264520e+00
7.68359375000004174e-01 6.45940652615751176e+00 2.98322385713134190e+03 2.98968326365749954e+03 -1.98440170753910843e+03 1.48532784432264564e+00
7.68554687500004219e-01 6.45646875725874292e+00 2.98322679490020710e+03 2.98968326365746589e+03 -1.98440170753910820e+03 1.48532784432264520e+00
7.68750000000004263e-01 6.45353118399303316e+00 2.98322973247343862e+03 2.98968326365743178e+03 -1.98440170753910866e+03 1.48532784432264520e+00
7.68945312500004308e-01 6.45059380687834150e+00 2.98323266985051896e+03 2.98968326365739722e+03 -1.98440170753910866e+03 1.48532784432264520e+00
7.69140625000004352e-01 6.44765662643252124e+00 2.98323560703093062e+03 2.98968326365736311e+03 -1.98440170753910843e+03 1.48532784432264586e+00
7.69335937500004396e-01 6.44471964317333246e+00 2.98323854401415610e+03 2.98968326365732946e+03 -1.98440170753910843e+03 1.48532784432264564e+00
7.69531250000004441e-01 6.44178285761848279e+00 2.98324148079967699e+03 2.98968326365729536e+03 -1.98440170753910866e+03 1.48532784432264497e+00
7.69726562500004485e-01 6.43884627028555734e+00 2.98324441738697624e+03 2.98968326365726170e+03 -1.98440170753910843e+03 1.48532784432264564e+00
7.69921875000004530e-01 6.43590988169203193e+00 2.98324735377553543e+03 2.98968326365722760e+03 -1.98440170753910843e+03 1.48532784432264542e+00
7.70117187500004574e-01 6.43297369235536465e+00 2.98325028996483798e+03 2.98968326365719349e+03 -1.98440170753910843e+03 1.48532784432264542e+00
7.70312500000004619e-01 6.43003770279286258e+00 2.98325322595436683e+03 2.98968326365715984e+03 -1.98440170753910843e+03 1.48532784432264564e+00
7.70507812500004663e-01 6.42710191352176885e+00 2.98325616174360357e+03 2.98968326365712528e+03 -1.98440170753910843e+03 1.48532784432264520e+00
7.70703125000004707e-01 6.42416632505924667e+00 2.98325909733203207e+03 2.98968326365709117e+03 -1.98440170753910820e+03 1.48532784432264475e+00
7.70898437500004752e-01 6.42123093792233490e+00 2.98326203271913528e+03 2.98968326365705752e+03 -1.98440170753910843e+03 1.48532784432264520e+00
7.71093750000004796e-01 6.41829575262802798e+00 2.98326496790439569e+03 2.98968326365702387e+03 -1.98440170753910843e+03 1.48532784432264608e+00
7.71289062500004841e-01 6.41536076969317204e+00 2.98326790288729671e+03 2.98968326365698977e+03 -1.98440170753910843e+03 1.48532784432264542e+00
7.71484375000004885e-01 6.41242598963460519e+00 2.98327083766732130e+03 2.98968326365695611e+03 -1.98440170753910820e+03 1.48532784432264542e+00
7.71679687500004929e-01 6.40949141296899150e+00 2.98327377224395286e+03 2.98968326365692201e+03 -1.98440170753910843e+03 1.48532784432264497e+00
7.71875000000004974e-01 6.40655704021297812e+00 2.98327670661667480e+03 2.98968326365688790e+03 -1.98440170753910843e+03 1.48532784432264475e+00
7.72070312500005018e-01 6.40362287188305856e+00 2.98327964078497098e+03 2.98968326365685425e+03 -1.98440170753910843e+03 1.48532784432264520e+00
7.72265625000005063e-01 6.40068890849569083e+00 2.98328257474832435e+03 2.98968326365682015e+03 -1.98440170753910888e+03 1.48532784432264520e+00
7.72460937500005107e-01 6.39775515056719613e+00 2.98328550850621923e+03 2.98968326365678649e+03 -1.98440170753910843e+03 1.48532784432264564e+00
7.72656250000005151e-01 6.39482159861383970e+00 2.98328844205813857e+03 2.98968326365675239e+03 -1.98440170753910843e+03 1.48532784432264520e+00
7.72851562500005196e-01 6.39188825315178111e+00 2.98329137540356669e+03 2.98968326365671828e+03 -1.98440170753910843e+03 1.48532784432264520e+00
7.73046875000005240e-01 6.38895511469708843e+00 2.98329430854198745e+03 2.98968326365668463e+03 -1.98440170753910843e+03 1.48532784432264497e+00
7.73242187500005285e-01 6.38602218376574537e+00 2.98329724147288471e+03 2.98968326365665052e+03 -1.98440170753910843e+03 1.48532784432264475e+00
7.73437500000005329e-01 6.38308946087365037e+00 2.98330017419574278e+03 2.98968326365661642e+03 -1.98440170753910843e+03 1.48532784432264520e+00
7.73632812500005373e-01 6.38015694653660059e+00 2.98330310671004645e+03 2.98968326365658322e+03 -1.98440170753910843e+03 1.48532784432264564e+00
7.73828125000005418e-01 6.37722464127030442e+00 2.98330603901527866e+03 2.98968326365654912e+03 -1.98440170753910843e+03 1.48532784432264542e+00
7.74023437500005462e-01 6.37429254559036806e+00 2.98330897111092509e+03 2.98968326365651546e+03 -1.98440170753910866e+03 1.48532784432264520e+00
7.74218750000005507e-01 6.37136066001235157e+00 2.98331190299646914e+03 2.98968326365648136e+03 -1.98440170753910866e+03 1.48532784432264542e+00
7.74414062500005551e-01 6.36842898505164534e+00 2.98331483467139606e+03 2.98968326365644771e+03 -1.98440170753910843e+03 1.48532784432264520e+00
7.74609375000005596e-01 6.36549752122362733e+00 2.98331776613519014e+03 2.98968326365641360e+03 -1.98440170753910843e+03 1.48532784432264564e+00
7.74804687500005640e-01 6.36256626904354761e+00 2.98332069738733617e+03 2.98968326365637949e+03 -1.98440170753910866e+03 1.48532784432264564e+00
7.75000000000005684e-01 6.35963522902654343e+00 2.98332362842731936e+03 2.98968326365634584e+03 -1.98440170753910866e+03 1.48532784432264564e+00
7.75195312500005729e-01 6.35670440168771389e+00 2.98332655925462450e+03 2.98968326365631219e+03 -1.98440170753910843e+03 1.48532784432264564e+00
7.75390625000005773e-01 6.35377378754202748e+00 2.98332948986873635e+03 2.98968326365627854e+03 -1.98440170753910866e+03 1.48532784432264608e+00
7.75585937500005818e-01 6.35084338710436658e+00 2.98333242026914013e+03 2.98968326365624443e+03 -1.98440170753910843e+03 1.48532784432264586e+00
7.75781250000005862e-01 6.34791320088951938e+00 2.98333535045532153e+03 2.98968326365621124e+03 -1.98440170753910843e+03 1.48532784432264631e+00
7.75976562500005906e-01 6.34498322941219950e+00 2.98333828042676487e+03 2.98968326365617713e+03 -1.98440170753910843e+03 1.48532784432264608e+00
7.76171875000005951e-01 6.34205347318701040e+00 2.98334121018295627e+03 2.98968326365614348e+03 -1.98440170753910843e+03 1.48532784432264542e+00
7.76367187500005995e-01 6.33912393272849339e+00 2.98334413972338098e+03 2.98968326365610938e+03 -1.98440170753910843e+03 1.48532784432264564e+00
7.76562500000006040e-01 6.33619460855102012e+00 2.98334706904752511e+03 2.98968326365607618e+03 -1.98440170753910866e+03 1.48532784432264542e+00
7.76757812500006084e-01 6.33326550116898623e+00 2.98334999815487299e+03 2.98968326365604207e+03 -1.98440170753910843e+03 1.48532784432264564e+00
7.76953125000006128e-01 6.33033661109658308e+00 2.98335292704491167e+03 2.98968326365600842e+03 -1.98440170753910843e+03 1.48532784432264564e+00
7.77148437500006173e-01 6.32740793884798336e+00 2.98335585571712636e+03 2.98968326365597432e+03 -1.98440170753910843e+03 1.48532784432264631e+00
7.77343750000006217e-01 6.32447948493723189e+00 2.98335878417100366e+03 2.98968326365594112e+03 -1.98440170753910866e+03 1.48532784432264608e+00
7.77539062500006262e-01 6.32155124987829176e+00 2.98336171240602835e+03 2.98968326365590656e+03 -1.98440170753910843e+03 1.48532784432264608e+00
7.77734375000006306e-01 6.31862323418502925e+00 2.98336464042168836e+03 2.98968326365587336e+03 -1.98440170753910843e+03 1.48532784432264520e+00
7.77929687500006350e-01 6.31569543837122183e+00 2.98336756821746803e+03 2.98968326365583926e+03 -1.98440170753910843e+03 1.48532784432264520e+00
7.78125000000006395e-01 6.31276786295055725e+00 2.98337049579285531e+03 2.98968326365580606e+03 -1.98440170753910843e+03 1.48532784432264586e+00
7.78320312500006439e-01 6.30984050843662470e+00 2.98337342314733587e+03 2.98968326365577241e+03 -1.98440170753910843e+03 1.48532784432264608e+00
7.78515625000006484e-01 6.30691337534289076e+00 2.98337635028039585e+03 2.98968326365573876e+03 -1.98440170753910843e+03 1.48532784432264631e+00
7.78710937500006528e-01 6.30398646418279096e+00 2.98337927719152231e+03 2.98968326365570510e+03 -1.98440170753910866e+03 1.48532784432264564e+00
7.78906250000006573e-01 6.30105977546960450e+00 2.98338220388020181e+03 2.98968326365567145e+03 -1.98440170753910843e+03 1.48532784432264608e+00
7.79101562500006617e-01 6.29813330971658214e+00 2.98338513034592097e+03 2.98968326365563735e+03 -1.98440170753910843e+03 1.48532784432264586e+00
7.79296875000006661e-01 6.29520706743678282e+00 2.98338805658816727e+03 2.98968326365560415e+03 -1.98440170753910820e+03 1.48532784432264608e+00
7.79492187500006706e-01 6.29228104914330011e+00 2.98339098260642686e+03 2.98968326365557004e+03 -1.98440170753910866e+03 1.48532784432264631e+00
7.79687500000006750e-01 6.28935525534903128e+00 2.98339390840018768e+03 2.98968326365553685e+03 -1.98440170753910843e+03 1.48532784432264564e+00
7.79882812500006795e-01 6.28642968656679724e+00 2.98339683396893633e+03 2.98968326365550320e+03 -1.98440170753910843e+03 1.48532784432264564e+00
7.80078125000006839e-01 6.28350434330937269e+00 2.98339975931215986e+03 2.98968326365546909e+03 -1.98440170753910888e+03 1.48532784432264520e+00
7.80273437500006883e-01 6.28057922608938490e+00 2.98340268442934666e+03 2.98968326365543589e+03 -1.98440170753910843e+03 1.48532784432264608e+00
7.80468750000006928e-01 6.27765433541937767e+00 2.98340560931998289e+03 2.98968326365540224e+03 -1.98440170753910820e+03 1.48532784432264586e+00
7.80664062500006972e-01 6.27472967181184060e+00 2.98340853398355648e+03 2.98968326365536814e+03 -1.98440170753910843e+03 1.48532784432264653e+00
7.80859375000007017e-01 6.27180523577911053e+00 2.98341145841955586e+03 2.98968326365533494e+03 -1.98440170753910843e+03 1.48532784432264564e+00
7.81054687500007061e-01 6.26888102783347456e+00 2.98341438262746760e+03 2.98968326365530129e+03 -1.98440170753910888e+03 1.48532784432264608e+00
7.81250000000007105e-01 6.26595704848708213e+00 2.98341730660678058e+03 2.98968326365526764e+03 -1.98440170753910843e+03 1.48532784432264631e+00
7.81445312500007150e-01 6.26303329825202670e+00 2.98342023035698185e+03 2.98968326365523399e+03 -1.98440170753910843e+03 1.48532784432264675e+00
7.81640625000007194e-01 6.26010977764028542e+00 2.98342315387756025e+03 2.98968326365520034e+03 -1.98440170753910843e+03 1.48532784432264586e+00
7.81835937500007239e-01 6.25718648716375103e+00 2.98342607716800330e+03 2.98968326365516714e+03 -1.98440170753910843e+03 1.48532784432264542e+00
7.82031250000007283e-01 6.25426342733421325e+00 2.98342900022779941e+03 2.98968326365513349e+03 -1.98440170753910888e+03 1.48532784432264542e+00
7.82226562500007327e-01 6.25134059866336678e+00 2.98343192305643697e+03 2.98968326365510029e+03 -1.98440170753910866e+03 1.48532784432264608e+00
7.82421875000007372e-01 6.24841800166279171e+00 2.98343484565340350e+03 2.98968326365506618e+03 -1.98440170753910797e+03 1.48532784432264586e+00
7.82617187500007416e-01 6.24549563684402820e+00 2.98343776801818876e+03 2.98968326365503299e+03 -1.98440170753910820e+03 1.48532784432264564e+00
7.82812500000007461e-01 6.24257350471845918e+00 2.98344069015028072e+03 2.98968326365499934e+03 -1.98440170753910820e+03 1.48532784432264564e+00
7.83007812500007505e-01 6.23965160579740186e+00 2.98344361204916822e+03 2.98968326365496569e+03 -1.98440170753910843e+03 1.48532784432264564e+00
7.83203125000007550e-01 6.23672994059207664e+00 2.98344653371434015e+03 2.98968326365493203e+03 -1.98440170753910843e+03 1.48532784432264586e+00
7.83398437500007594e-01 6.23380850961358934e+00 2.98344945514528536e+03 2.98968326365489884e+03 -1.98440170753910866e+03 1.48532784432264520e+00
7.83593750000007638e-01 6.23088731337298896e+00 2.98345237634149225e+03 2.98968326365486519e+03 -1.98440170753910866e+03 1.48532784432264542e+00
7.83789062500007683e-01 6.22796635238116902e+00 2.98345529730245107e+03 2.98968326365483244e+03 -1.98440170753910843e+03 1.48532784432264586e+00
7.83984375000007727e-01 6.22504562714898579e+00 2.98345821802764931e+03 2.98968326365479834e+03 -1.98440170753910843e+03 1.48532784432264542e+00
7.84179687500007772e-01 6.22212513818714985e+00 2.98346113851657765e+03 2.98968326365476469e+03 -1.98440170753910866e+03 1.48532784432264564e+00
7.84375000000007816e-01 6.21920488600630250e+00 2.98346405876872450e+03 2.98968326365473058e+03 -1.98440170753910843e+03 1.48532784432264542e+00
7.84570312500007860e-01 6.21628487111699268e+00 2.98346697878358100e+03 2.98968326365469784e+03 -1.98440170753910866e+03 1.48532784432264608e+00
7.84765625000007905e-01 6.21336509402965831e+00 2.98346989856063465e+03 2.98968326365466419e+03 -1.98440170753910843e+03 1.48532784432264542e+00
7.84960937500007949e-01 6.21044555525464315e+00 2.98347281809937613e+03 2.98968326365463099e+03 -1.98440170753910888e+03 1.48532784432264520e+00
7.85156250000007994e-01 6.20752625530218793e+00 2.98347573739929521e+03 2.98968326365459734e+03 -1.98440170753910843e+03 1.48532784432264520e+00
7.85351562500008038e-01 6.20460719468244815e+00 2.98347865645988168e+03 2.98968326365456414e+03 -1.98440170753910843e+03 1.48532784432264520e+00
7.85546875000008082e-01 6.20168837390547356e+00 2.98348157528062529e+03 2.98968326365453095e+03 -1.98440170753910888e+03 1.48532784432264564e+00
7.85742187500008127e-01 6.19876979348120383e+00 2.98348449386101584e+03 2.98968326365449684e+03 -1.98440170753910866e+03 1.48532784432264542e+00
7.85937500000008171e-01 6.19585145391952175e+00 2.98348741220054444e+03 2.98968326365446410e+03 -1.98440170753910843e+03 1.48532784432264586e+00
7.86132812500008216e-01 6.19293335573015558e+00 2.98349033029870043e+03 2.98968326365443045e+03 -1.98440170753910843e+03 1.48532784432264608e+00
7.86328125000008260e-01 6.19001549942279450e+00 2.98349324815497448e+03 2.98968326365439725e+03 -1.98440170753910797e+03 1.48532784432264564e+00
7.86523437500008304e-01 6.18709788550697759e+00 2.98349616576885637e+03 2.98968326365436315e+03 -1.98440170753910843e+03 1.48532784432264608e+00
7.86718750000008349e-01 6.18418051449217909e+00 2.98349908313983815e+03 2.98968326365433040e+03 -1.98440170753910866e+03 1.48532784432264586e+00
7.86914062500008393e-01 6.18126338688777111e+00 2.98350200026740913e+03 2.98968326365429675e+03 -1.98440170753910843e+03 1.48532784432264608e+00
7.87109375000008438e-01 6.17834650320300494e+00 2.98350491715106091e+03 2.98968326365426401e+03 -1.98440170753910820e+03 1.48532784432264608e+00
7.87304687500008482e-01 6.17542986394705107e+00 2.98350783379028326e+03 2.98968326365423036e+03 -1.98440170753910866e+03 1.48532784432264608e+00
7.87500000000008527e-01 6.17251346962898850e+00 2.98351075018456777e+03 2.98968326365419671e+03 -1.98440170753910843e+03 1.48532784432264608e+00
7.87695312500008571e-01 6.16959732075777989e+00 2.98351366633340604e+03 2.98968326365416397e+03 -1.98440170753910843e+03 1.48532784432264631e+00
7.87890625000008615e-01 6.16668141784229906e+00 2.98351658223628783e+03 2.98968326365413031e+03 -1.98440170753910866e+03 1.48532784432264586e+00
7.88085937500008660e-01 6.16376576139131860e+00 2.98351949789270566e+03 2.98968326365409712e+03 -1.98440170753910866e+03 1.48532784432264608e+00
7.88281250000008704e-01 6.16085035191352492e+00 2.98352241330215020e+03 2.98968326365406392e+03 -1.98440170753910843e+03 1.48532784432264675e+00
7.88476562500008749e-01 6.15793518991745348e+00 2.98352532846411304e+03 2.98968326365403072e+03 -1.98440170753910843e+03 1.48532784432264586e+00
7.88671875000008793e-01 6.15502027591162282e+00 2.98352824337808534e+03 2.98968326365399707e+03 -1.98440170753910843e+03 1.48532784432264586e+00
7.88867187500008837e-01 6.15210561040437387e+00 2.98353115804355912e+03 2.98968326365396342e+03 -1.98440170753910843e+03 1.48532784432264586e+00
7.89062500000008882e-01 6.14919119390400226e+00 2.98353407246002644e+03 2.98968326365393023e+03 -1.98440170753910843e+03 1.48532784432264564e+00
7.89257812500008926e-01 6.14627702691868016e+00 2.98353698662697843e+03 2.98968326365389703e+03 -1.98440170753910843e+03 1.48532784432264564e+00
7.89453125000008971e-01 6.14336310995647139e+00 2.98353990054390715e+03 2.98968326365386383e+03 -1.98440170753910820e+03 1.48532784432264542e+00
7.89648437500009015e-01 6.14044944352537136e+00 2.98354281421030464e+03 2.98968326365383018e+03 -1.98440170753910843e+03 1.48532784432264564e+00
7.89843750000009059e-01 6.13753602813323873e+00 2.98354572762566386e+03 2.98968326365379698e+03 -1.98440170753910843e+03 1.48532784432264564e+00
7.90039062500009104e-01 6.13462286428786285e+00 2.98354864078947594e+03 2.98968326365376379e+03 -1.98440170753910843e+03 1.48532784432264608e+00
7.90234375000009148e-01 6.13170995249690165e+00 2.98355155370123339e+03 2.98968326365373014e+03 -1.98440170753910843e+03 1.48532784432264475e+00
7.90429687500009193e-01 6.12879729326795175e+00 2.98355446636042961e+03 2.98968326365369740e+03 -1.98440170753910843e+03 1.48532784432264631e+00
7.90625000000009237e-01 6.12588488710845347e+00 2.98355737876655576e+03 2.98968326365366420e+03 -1.98440170753910888e+03 1.48532784432264586e+00
7.90820312500009281e-01 6.12297273452581337e+00 2.98356029091910523e+03 2.98968326365363100e+03 -1.98440170753910843e+03 1.48532784432264564e+00
7.91015625000009326e-01 6.12006083602728435e+00 2.98356320281757053e+03 2.98968326365359781e+03 -1.98440170753910843e+03 1.48532784432264586e+00
7.91210937500009370e-01 6.11714919212005714e+00 2.98356611446144416e+03 2.98968326365356415e+03 -1.98440170753910866e+03 1.48532784432264542e+00
7.91406250000009415e-01 6.11423780331118483e+00 2.98356902585021999e+03 2.98968326365353096e+03 -1.98440170753910843e+03 1.48532784432264564e+00
7.91601562500009459e-01 6.11132667010764319e+00 2.98357193698339051e+03 2.98968326365349822e+03 -1.98440170753910797e+03 1.48532784432264564e+00
7.91796875000009504e-01 6.10841579301629700e+00 2.98357484786044870e+03 2.98968326365346502e+03 -1.98440170753910843e+03 1.48532784432264608e+00
7.91992187500009548e-01 6.10550517254391600e+00 2.98357775848088795e+03 2.98968326365343182e+03 -1.98440170753910843e+03 1.48532784432264564e+00
7.92187500000009592e-01 6.10259480919716513e+00 2.98358066884420168e+03 2.98968326365339863e+03 -1.98440170753910843e+03 1.48532784432264608e+00
7.92382812500009637e-01 6.09968470348261338e+00 2.98358357894988330e+03 2.98968326365336588e+03 -1.98440170753910866e+03 1.48532784432264608e+00
7.92578125000009681e-01 6.09677485590671164e+00 2.98358648879742577e+03 2.98968326365333269e+03 -1.98440170753910866e+03 1.48532784432264631e+00
7.92773437500009726e-01 6.09386526697582909e+00 2.98358939838632341e+03 2.98968326365329904e+03 -1.98440170753910843e+03 1.48532784432264631e+00
7.92968750000009770e-01 6.09095593719623096e+00 2.98359230771606963e+03 2.98968326365326584e+03 -1.98440170753910843e+03 1.48532784432264564e+00
7.93164062500009814e-01 6.08804686707405729e+00 2.98359521678615874e+03 2.98968326365323264e+03 -1.98440170753910843e+03 1.48532784432264631e+00
7.93359375000009859e-01 6.08513805711537703e+00 2.98359812559608463e+03 2.98968326365319990e+03 -1.98440170753910843e+03 1.48532784432264608e+00
7.93554687500009903e-01 6.08222950782613392e+00 2.98360103414534024e+03 2.98968326365316625e+03 -1.98440170753910866e+03 1.48532784432264631e+00
7.93750000000009948e-01 6.07932121971216954e+00 2.98360394243342171e+03 2.98968326365313396e+03 -1.98440170753910843e+03 1.48532784432264675e+00
7.93945312500009992e-01 6.07641319327924556e+00 2.98360685045982154e+03 2.98968326365310077e+03 -1.98440170753910843e+03 1.48532784432264586e+00
7.94140625000010036e-01 6.07350542903301704e+00 2.98360975822403452e+03 2.98968326365306757e+03 -1.98440170753910843e+03 1.48532784432264586e+00
7.94335937500010081e-01 6.07059792747898985e+00 2.98361266572555542e+03 2.98968326365303437e+03 -1.98440170753910843e+03 1.48532784432264631e+00
7.94531250000010125e-01 6.06769068912263787e+00 2.98361557296387855e+03 2.98968326365300118e+03 -1.98440170753910843e+03 1.48532784432264608e+00
7.94726562500010170e-01 6.06478371446927955e+00 2.98361847993849915e+03 2.98968326365296844e+03 -1.98440170753910866e+03 1.48532784432264564e+00
7.94921875000010214e-01 6.06187700402414897e+00 2.98362138664891108e+03 2.98968326365293524e+03 -1.98440170753910843e+03 1.48532784432264608e+00
7.95117187500010258e-01 6.05897055829238518e+00 2.98362429309460958e+03 2.98968326365290204e+03 -1.98440170753910843e+03 1.48532784432264608e+00
7.95312500000010303e-01 6.05606437777900641e+00 2.98362719927508988e+03 2.98968326365286885e+03 -1.98440170753910843e+03 1.48532784432264608e+00
7.95507812500010347e-01 6.05315846298893323e+00 2.98363010518984720e+03 2.98968326365283610e+03 -1.98440170753910843e+03 1.48532784432264653e+00
7.95703125000010392e-01 6.05025281442698937e+00 2.98363301083837541e+03 2.98968326365280245e+03 -1.98440170753910843e+03 1.48532784432264631e+00
7.95898437500010436e-01 6.04734743259789465e+00 2.98363591622017202e+03 2.98968326365276971e+03 -1.98440170753910888e+03 1.48532784432264586e+00
7.96093750000010481e-01 6.04444231800626763e+00 2.98363882133473089e+03 2.98968326365273697e+03 -1.98440170753910866e+03 1.48532784432264586e+00
7.96289062500010525e-01 6.04153747115661055e+00 2.98364172618154680e+03 2.98968326365270332e+03 -1.98440170753910843e+03 1.48532784432264520e+00
7.96484375000010569e-01 6.03863289255330749e+00 2.98364463076011725e+03 2.98968326365267058e+03 -1.98440170753910843e+03 1.48532784432264608e+00
7.96679687500010614e-01 6.03572858270067858e+00 2.98364753506993748e+03 2.98968326365263829e+03 -1.98440170753910797e+03 1.48532784432264520e+00
7.96875000000010658e-01 6.03282454210293206e+00 2.98365043911050179e+03 2.98968326365260464e+03 -1.98440170753910843e+03 1.48532784432264608e+00
7.97070312500010703e-01 6.02992077126413051e+00 2.98365334288130816e+03 2.98968326365257235e+03 -1.98440170753910843e+03 1.48532784432264675e+00
7.97265625000010747e-01 6.02701727068829918e+00 2.98365624638185045e+03 2.98968326365253870e+03 -1.98440170753910843e+03 1.48532784432264653e+00
7.97460937500010791e-01 6.02411404087928570e+00 2.98365914961162662e+03 2.98968326365250596e+03 -1.98440170753910866e+03 1.48532784432264631e+00
7.97656250000010836e-01 6.02121108234089331e+00 2.98366205257013189e+03 2.98968326365247276e+03 -1.98440170753910843e+03 1.48532784432264675e+00
7.97851562500010880e-01 6.01830839557676178e+00 2.98366495525686332e+03 2.98968326365244002e+03 -1.98440170753910843e+03 1.48532784432264675e+00
7.98046875000010925e-01 6.01540598109049274e+00 2.98366785767131660e+03 2.98968326365240728e+03 -1.98440170753910843e+03 1.48532784432264608e+00
7.98242187500010969e-01 6.01250383938553767e+00 2.98367075981298876e+03 2.98968326365237408e+03 -1.98440170753910797e+03 1.48532784432264631e+00
7.98437500000011013e-01 6.00960197096526105e+00 2.98367366168137596e+03 2.98968326365234134e+03 -1.98440170753910843e+03 1.48532784432264608e+00
7.98632812500011058e-01 6.00670037633292342e+00 2.98367656327597524e+03 2.98968326365230814e+03 -1.98440170753910843e+03 1.48532784432264586e+00
7.98828125000011102e-01 6.00379905599163166e+00 2.98367946459628365e+03 2.98968326365227540e+03 -1.98440170753910820e+03 1.48532784432264608e+00
7.99023437500011147e-01 6.00089801044448290e+00 2.98368236564179824e+03 2.98968326365224266e+03 -1.98440170753910843e+03 1.48532784432264564e+00
7.99218750000011191e-01 5.99799724019438507e+00 2.98368526641201515e+03 2.98968326365220946e+03 -1.98440170753910843e+03 1.48532784432264608e+00
7.99414062500011235e-01 5.99509674574416884e+00 2.98368816690643234e+03 2.98968326365217672e+03 -1.98440170753910843e+03 1.48532784432264586e+00
7.99609375000011280e-01 5.99219652759657428e+00 2.98369106712454732e+03 2.98968326365214398e+03 -1.98440170753910843e+03 1.48532784432264608e+00
7.99804687500011324e-01 5.98929658625419581e+00 2.98369396706585667e+03 2.98968326365211078e+03 -1.98440170753910843e+03 1.48532784432264608e+00
8.00000000000011369e-01 5.98639692221956921e+00 2.98369686672985881e+03 2.98968326365207849e+03 -1.98440170753910843e+03 1.48532784432264564e+00
8.00195312500011413e-01 5.98349753599509437e+00 2.98369976611605034e+03 2.98968326365204530e+03 -1.98440170753910843e+03 1.48532784432264520e+00
8.00390625000011458e-01 5.98059842808307351e+00 2.98370266522392922e+03 2.98968326365201210e+03 -1.98440170753910797e+03 1.48532784432264520e+00
8.00585937500011502e-01 5.97769959898571202e+00 2.98370556405299430e+03 2.98968326365197981e+03 -1.98440170753910843e+03 1.48532784432264564e+00
8.00781250000011546e-01 5.97480104920507937e+00 2.98370846260274175e+03 2.98968326365194662e+03 -1.98440170753910866e+03 1.48532784432264564e+00
8.00976562500011591e-01 5.97190277924317403e+00 2.98371136087267087e+03 2.98968326365191388e+03 -1.98440170753910843e+03 1.48532784432264520e+00
8.01171875000011635e-01 5.96900478960185410e+00 2.98371425886227917e+03 2.98968326365188113e+03 -1.98440170753910843e+03 1.48532784432264564e+00
8.01367187500011680e-01 5.96610708078289775e+00 2.98371715657106597e+03 2.98968326365184885e+03 -1.98440170753910820e+03 1.48532784432264475e+00
8.01562500000011724e-01 5.96320965328796593e+00 2.98372005399852787e+03 2.98968326365181565e+03 -1.98440170753910843e+03 1.48532784432264520e+00
8.01757812500011768e-01 5.96031250761862275e+00 2.98372295114416420e+03 2.98968326365178291e+03 -1.98440170753910843e+03 1.48532784432264586e+00
8.01953125000011813e-01 5.95741564427628578e+00 2.98372584800747381e+03 2.98968326365175017e+03 -1.98440170753910843e+03 1.48532784432264497e+00
8.02148437500011857e-01 5.95451906376231843e+00 2.98372874458795513e+03 2.98968326365171743e+03 -1.98440170753910843e+03 1.48532784432264520e+00
8.02343750000011902e-01 5.95162276657794909e+00 2.98373164088510657e+03 2.98968326365168468e+03 -1.98440170753910843e+03 1.48532784432264542e+00
8.02539062500011946e-01 5.94872675322430133e+00 2.98373453689842745e+03 2.98968326365165194e+03 -1.98440170753910866e+03 1.48532784432264497e+00
8.02734375000011990e-01 5.94583102420239129e+00 2.98373743262741664e+03 2.98968326365161920e+03 -1.98440170753910866e+03 1.48532784432264475e+00
8.02929687500012035e-01 5.94293558001314715e+00 2.98374032807157346e+03 2.98968326365158646e+03 -1.98440170753910866e+03 1.48532784432264520e+00
8.03125000000012079e-01 5.94004042115733366e+00 2.98374322323039632e+03 2.98968326365155372e+03 -1.98440170753910843e+03 1.48532784432264564e+00
8.03320312500012124e-01 5.93714554813566853e+00 2.98374611810338502e+03 2.98968326365152052e+03 -1.98440170753910797e+03 1.48532784432264564e+00
8.03515625000012168e-01 5.93425096144874065e+00 2.98374901269003931e+03 2.98968326365148823e+03 -1.98440170753910797e+03 1.48532784432264497e+00
8.03710937500012212e-01 5.93135666159700659e+00 2.98375190698985807e+03 2.98968326365145504e+03 -1.98440170753910843e+03 1.48532784432264520e+00
8.03906250000012257e-01 5.92846264908085363e+00 2.98375480100234199e+03 2.98968326365142275e+03 -1.98440170753910866e+03 1.48532784432264542e+00
8.04101562500012301e-01 5.92556892440054561e+00 2.98375769472698948e+03 2.98968326365139001e+03 -1.98440170753910866e+03 1.48532784432264520e+00
8.04296875000012346e-01 5.92267548805621580e+00 2.98376058816330078e+03 2.98968326365135681e+03 -1.98440170753910843e+03 1.48532784432264520e+00
8.04492187500012390e-01 5.91978234054791841e+00 2.98376348131077702e+03 2.98968326365132498e+03 -1.98440170753910843e+03 1.48532784432264520e+00
8.04687500000012434e-01 5.91688948237558687e+00 2.98376637416891663e+03 2.98968326365129224e+03 -1.98440170753910866e+03 1.48532784432264520e+00
8.04882812500012479e-01 5.91399691403904981e+00 2.98376926673722028e+03 2.98968326365125949e+03 -1.98440170753910843e+03 1.48532784432264520e+00
8.05078125000012523e-01 5.91110463603802128e+00 2.98377215901518866e+03 2.98968326365122675e+03 -1.98440170753910843e+03 1.48532784432264497e+00
8.05273437500012568e-01 5.90821264887210962e+00 2.98377505100232202e+03 2.98968326365119401e+03 -1.98440170753910843e+03 1.48532784432264542e+00
8.05468750000012612e-01 5.90532095304081039e+00 2.98377794269812057e+03 2.98968326365116127e+03 -1.98440170753910843e+03 1.48532784432264542e+00
8.05664062500012657e-01 5.90242954904351969e+00 2.98378083410208546e+03 2.98968326365112898e+03 -1.98440170753910843e+03 1.48532784432264520e+00
8.05859375000012701e-01 5.89953843737949768e+00 2.98378372521371693e+03 2.98968326365109624e+03 -1.98440170753910843e+03 1.48532784432264520e+00
8.06054687500012745e-01 5.89664761854794595e+00 2.98378661603251567e+03 2.98968326365106350e+03 -1.98440170753910820e+03 1.48532784432264520e+00
8.06250000000012790e-01 5.89375709304789286e+00 2.98378950655798326e+03 2.98968326365103121e+03 -1.98440170753910843e+03 1.48532784432264542e+00
8.06445312500012834e-01 5.89086686137830107e+00 2.98379239678962040e+03 2.98968326365099892e+03 -1.98440170753910843e+03 1.48532784432264520e+00
8.06640625000012879e-01 5.88797692403802841e+00 2.98379528672692777e+03 2.98968326365096573e+03 -1.98440170753910843e+03 1.48532784432264475e+00
8.06835937500012923e-01 5.88508728152579774e+00 2.98379817636940743e+03 2.98968326365093344e+03 -1.98440170753910843e+03 1.48532784432264520e+00
8.07031250000012967e-01 5.88219793434018889e+00 2.98380106571656052e+03 2.98968326365090070e+03 -1.98440170753910843e+03 1.48532784432264520e+00
8.07226562500013012e-01 5.87930888297977106e+00 2.98380395476788863e+03 2.98968326365086841e+03 -1.98440170753910843e+03 1.48532784432264564e+00
8.07421875000013056e-01 5.87642012794289492e+00 2.98380684352289245e+03 2.98968326365083522e+03 -1.98440170753910843e+03 1.48532784432264497e+00
8.07617187500013101e-01 5.87353166972788632e+00 2.98380973198107495e+03 2.98968326365080293e+03 -1.98440170753910843e+03 1.48532784432264564e+00
8.07812500000013145e-01 5.87064350883289965e+00 2.98381262014193726e+03 2.98968326365077019e+03 -1.98440170753910843e+03 1.48532784432264608e+00
8.08007812500013189e-01 5.86775564575603248e+00 2.98381550800498189e+03 2.98968326365073790e+03 -1.98440170753910843e+03 1.48532784432264586e+00
8.08203125000013234e-01 5.86486808099520207e+00 2.98381839556970999e+03 2.98968326365070516e+03 -1.98440170753910843e+03 1.48532784432264586e+00
8.08398437500013278e-01 5.86198081504827151e+00 2.98382128283562452e+03 2.98968326365067287e+03 -1.98440170753910866e+03 1.48532784432264564e+00
8.08593750000013323e-01 5.85909384841297687e+00 2.98382416980222752e+03 2.98968326365064058e+03 -1.98440170753910820e+03 1.48532784432264564e+00
8.08789062500013367e-01 5.85620718158696008e+00 2.98382705646902104e+03 2.98968326365060784e+03 -1.98440170753910843e+03 1.48532784432264586e+00
8.08984375000013411e-01 5.85332081506770230e+00 2.98382994283550761e+03 2.98968326365057510e+03 -1.98440170753910843e+03 1.48532784432264631e+00
8.09179687500013456e-01 5.85043474935262697e+00 2.98383282890119017e+03 2.98968326365054281e+03 -1.98440170753910843e+03 1.48532784432264564e+00
8.09375000000013500e-01 5.84754898493900210e+00 2.98383571466557169e+03 2.98968326365051053e+03 -1.98440170753910866e+03 1.48532784432264520e+00
8.09570312500013545e-01 5.84466352232401842e+00 2.98383860012815421e+03 2.98968326365047824e+03 -1.98440170753910843e+03 1.48532784432264520e+00
8.09765625000013589e-01 5.84177836200475120e+00 2.98384148528844071e+03 2.98968326365044550e+03 -1.98440170753910820e+03 1.48532784432264520e+00
8.09960937500013634e-01 5.83889350447812827e+00 2.98384437014593550e+03 2.98968326365041366e+03 -1.98440170753910843e+03 1.48532784432264564e+00
8.10156250000013678e-01 5.83600895024102417e+00 2.98384725470013973e+03 2.98968326365038092e+03 -1.98440170753910843e+03 1.48532784432264520e+00
8.10351562500013722e-01 5.83312469979014114e+00 2.98385013895055818e+03 2.98968326365034818e+03 -1.98440170753910888e+03 1.48532784432264520e+00
8.10546875000013767e-01 5.83024075362210947e+00 2.98385302289669380e+03 2.98968326365031589e+03 -1.98440170753910843e+03 1.48532784432264520e+00
8.10742187500013811e-01 5.82735711223343333e+00 2.98385590653805002e+03 2.98968326365028361e+03 -1.98440170753910797e+03 1.48532784432264586e+00
8.10937500000013856e-01 5.82447377612051387e+00 2.98385878987413071e+03 2.98968326365025132e+03 -1.98440170753910843e+03 1.48532784432264542e+00
8.11132812500013900e-01 5.82159074577959945e+00 2.98386167290443927e+03 2.98968326365021903e+03 -1.98440170753910843e+03 1.48532784432264542e+00
8.11328125000013944e-01 5.81870802170689938e+00 2.98386455562847959e+03 2.98968326365018629e+03 -1.98440170753910866e+03 1.48532784432264564e+00
8.11523437500013989e-01 5.81582560439844531e+00 2.98386743804575599e+03 2.98968326365015446e+03 -1.98440170753910843e+03 1.48532784432264586e+00
8.11718750000014033e-01 5.81294349435017654e+00 2.98387032015577097e+03 2.98968326365012126e+03 -1.98440170753910843e+03 1.48532784432264564e+00
8.11914062500014078e-01 5.81006169205793022e+00 2.98387320195803159e+03 2.98968326365008943e+03 -1.98440170753910843e+03 1.48532784432264497e+00
8.12109375000014122e-01 5.80718019801742180e+00 2.98387608345203944e+03 2.98968326365005669e+03 -1.98440170753910843e+03 1.48532784432264475e+00
8.12304687500014166e-01 5.80429901272425219e+00 2.98387896463730021e+03 2.98968326365002440e+03 -1.98440170753910866e+03 1.48532784432264564e+00
8.12500000000014211e-01 5.80141813667390771e+00 2.98388184551331869e+03 2.98968326364999257e+03 -1.98440170753910866e+03 1.48532784432264475e+00
8.12695312500014255e-01 5.79853757036176898e+00 2.98388472607959784e+03 2.98968326364995983e+03 -1.98440170753910843e+03 1.48532784432264542e+00
8.12890625000014300e-01 5.79565731428308073e+00 2.98388760633564470e+03 2.98968326364992799e+03 -1.98440170753910797e+03 1.48532784432264520e+00
8.13085937500014344e-01 5.79277736893302464e+00 2.98389048628096225e+03 2.98968326364989525e+03 -1.98440170753910843e+03 1.48532784432264520e+00
8.13281250000014388e-01 5.78989773480660297e+00 2.98389336591505662e+03 2.98968326364986342e+03 -1.98440170753910866e+03 1.48532784432264542e+00
8.13476562500014433e-01 5.78701841239874692e+00 2.98389624523743169e+03 2.98968326364983022e+03 -1.98440170753910843e+03 1.48532784432264520e+00
8.13671875000014477e-01 5.78413940220426248e+00 2.98389912424759450e+03 2.98968326364979885e+03 -1.98440170753910843e+03 1.48532784432264542e+00
8.13867187500014522e-01 5.78126070471785170e+00 2.98390200294504848e+03 2.98968326364976656e+03 -1.98440170753910866e+03 1.48532784432264475e+00
8.14062500000014566e-01 5.77838232043407363e+00 2.98390488132929977e+03 2.98968326364973382e+03 -1.98440170753910866e+03 1.48532784432264475e+00
8.14257812500014611e-01 5.77550424984740918e+00 2.98390775939985451e+03 2.98968326364970198e+03 -1.98440170753910888e+03 1.48532784432264431e+00
8.14453125000014655e-01 5.77262649345219270e+00 2.98391063715621749e+03 2.98968326364966970e+03 -1.98440170753910888e+03 1.48532784432264586e+00
8.14648437500014699e-01 5.76974905174267150e+00 2.98391351459789439e+03 2.98968326364963696e+03 -1.98440170753910843e+03 1.48532784432264475e+00
8.14843750000014744e-01 5.76687192521294456e+00 2.98391639172439181e+03 2.98968326364960467e+03 -1.98440170753910843e+03 1.48532784432264475e+00
8.15039062500014788e-01 5.76399511435703893e+00 2.98391926853521545e+03 2.98968326364957238e+03 -1.98440170753910843e+03 1.48532784432264520e+00
8.15234375000014833e-01 5.76111861966882621e+00 2.98392214502987190e+03 2.98968326364954055e+03 -1.98440170753910888e+03 1.48532784432264520e+00
8.15429687500014877e-01 5.75824244164208121e+00 2.98392502120786594e+03 2.98968326364950781e+03 -1.98440170753910888e+03 1.48532784432264542e+00
8.15625000000014921e-01 5.75536658077048902e+00 2.98392789706870553e+03 2.98968326364947598e+03 -1.98440170753910843e+03 1.48532784432264520e+00
8.15820312500014966e-01 5.75249103754756774e+00 2.98393077261189637e+03 2.98968326364944414e+03 -1.98440170753910843e+03 1.48532784432264520e+00
8.16015625000015010e-01 5.74961581246675379e+00 2.98393364783694506e+03 2.98968326364941186e+03 -1.98440170753910843e+03 1.48532784432264475e+00
8.16210937500015055e-01 5.74674090602135390e+00 2.98393652274335818e+03 2.98968326364937957e+03 -1.98440170753910866e+03 1.48532784432264453e+00
8.16406250000015099e-01 5.74386631870457265e+00 2.98393939733064281e+03 2.98968326364934728e+03 -1.98440170753910866e+03 1.48532784432264475e+00
8.16601562500015143e-01 5.74099205100948051e+00 2.98394227159830598e+03 2.98968326364931545e+03 -1.98440170753910843e+03 1.48532784432264497e+00
8.16796875000015188e-01 5.73811810342905115e+00 2.98394514554585385e+03 2.98968326364928271e+03 -1.98440170753910888e+03 1.48532784432264475e+00
8.16992187500015232e-01 5.73524447645612412e+00 2.98394801917279483e+03 2.98968326364925088e+03 -1.98440170753910866e+03 1.48532784432264542e+00
8.17187500000015277e-01 5.73237117058345280e+00 2.98395089247863507e+03 2.98968326364921859e+03 -1.98440170753910888e+03 1.48532784432264520e+00
8.17382812500015321e-01 5.72949818630363872e+00 2.98395376546288298e+03 2.98968326364918676e+03 -1.98440170753910866e+03 1.48532784432264520e+00
8.17578125000015365e-01 5.72662552410918568e+00 2.98395663812504517e+03 2.98968326364915447e+03 -1.98440170753910888e+03 1.48532784432264520e+00
8.17773437500015410e-01 5.72375318449246162e+00 2.98395951046463006e+03 2.98968326364912264e+03 -1.98440170753910843e+03 1.48532784432264453e+00
8.17968750000015454e-01 5.72088116794575896e+00 2.98396238248114514e+03 2.98968326364909080e+03 -1.98440170753910843e+03 1.48532784432264542e+00
8.18164062500015499e-01 5.71800947496122181e+00 2.98396525417409703e+03 2.98968326364905806e+03 -1.98440170753910843e+03 1.48532784432264497e+00
8.18359375000015543e-01 5.71513810603086991e+00 2.98396812554299549e+03 2.98968326364902623e+03 -1.98440170753910843e+03 1.48532784432264542e+00
8.18554687500015588e-01 5.71226706164663423e+00 2.98397099658734760e+03 2.98968326364899440e+03 -1.98440170753910843e+03 1.48532784432264520e+00
8.18750000000015632e-01 5.70939634230028759e+00 2.98397386730666221e+03 2.98968326364896257e+03 -1.98440170753910843e+03 1.48532784432264497e+00
8.18945312500015676e-01 5.70652594848355310e+00 2.98397673770044639e+03 2.98968326364892982e+03 -1.98440170753910843e+03 1.48532784432264520e+00
8.19140625000015721e-01 5.70365588068796825e+00 2.98397960776821037e+03 2.98968326364889845e+03 -1.98440170753910843e+03 1.48532784432264497e+00
8.19335937500015765e-01 5.70078613940499146e+00 2.98398247750946121e+03 2.98968326364886616e+03 -1.98440170753910866e+03 1.48532784432264520e+00
8.19531250000015810e-01 5.69791672512595060e+00 2.98398534692370822e+03 2.98968326364883433e+03 -1.98440170753910843e+03 1.48532784432264586e+00
8.19726562500015854e-01 5.69504763834205008e+00 2.98398821601045984e+03 2.98968326364880204e+03 -1.98440170753910888e+03 1.48532784432264586e+00
8.19921875000015898e-01 5.69217887954438417e+00 2.98399108476922584e+03 2.98968326364877021e+03 -1.98440170753910843e+03 1.48532784432264564e+00
8.20117187500015943e-01 5.68931044922394591e+00 2.98399395319951373e+03 2.98968326364873747e+03 -1.98440170753910866e+03 1.48532784432264564e+00
8.20312500000015987e-01 5.68644234787158531e+00 2.98399682130083420e+03 2.98968326364870563e+03 -1.98440170753910866e+03 1.48532784432264542e+00
8.20507812500016032e-01 5.68357457597803162e+00 2.98399968907269613e+03 2.98968326364867426e+03 -1.98440170753910843e+03 1.48532784432264608e+00
8.20703125000016076e-01 5.68070713403391725e+00 2.98400255651460793e+03 2.98968326364864197e+03 -1.98440170753910888e+03 1.48532784432264564e+00
8.20898437500016120e-01 5.67784002252975029e+00 2.98400542362608030e+03 2.98968326364861014e+03 -1.98440170753910843e+03 1.48532784432264564e+00
8.21093750000016165e-01 5.67497324195590291e+00 2.98400829040662211e+03 2.98968326364857785e+03 -1.98440170753910843e+03 1.48532784432264608e+00
8.21289062500016209e-01 5.67210679280264429e+00 2.98401115685574405e+03 2.98968326364854647e+03 -1.98440170753910820e+03 1.48532784432264653e+00
8.21484375000016254e-01 5.66924067556013611e+00 2.98401402297295408e+03 2.98968326364851418e+03 -1.98440170753910843e+03 1.48532784432264631e+00
8.21679687500016298e-01 5.66637489071839795e+00 2.98401688875776426e+03 2.98968326364848281e+03 -1.98440170753910843e+03 1.48532784432264631e+00
8.21875000000016342e-01 5.66350943876733393e+00 2.98401975420968301e+03 2.98968326364845052e+03 -1.98440170753910843e+03 1.48532784432264653e+00
8.22070312500016387e-01 5.66064432019674513e+00 2.98402261932822194e+03 2.98968326364841869e+03 -1.98440170753910843e+03 1.48532784432264586e+00
8.22265625000016431e-01 5.65777953549630297e+00 2.98402548411289035e+03 2.98968326364838686e+03 -1.98440170753910843e+03 1.48532784432264675e+00
8.22460937500016476e-01 5.65491508515556607e+00 2.98402834856319896e+03 2.98968326364835457e+03 -1.98440170753910911e+03 1.48532784432264631e+00
8.22656250000016520e-01 5.65205096966395182e+00 2.98403121267865890e+03 2.98968326364832274e+03 -1.98440170753910843e+03 1.48532784432264608e+00
8.22851562500016565e-01 5.64918718951077459e+00 2.98403407645878042e+03 2.98968326364829136e+03 -1.98440170753910843e+03 1.48532784432264653e+00
8.23046875000016609e-01 5.64632374518524038e+00 2.98403693990307420e+03 2.98968326364825953e+03 -1.98440170753910820e+03 1.48532784432264675e+00
8.23242187500016653e-01 5.64346063717641933e+00 2.98403980301105094e+03 2.98968326364822724e+03 -1.98440170753910843e+03 1.48532784432264697e+00
8.23437500000016698e-01 5.64059786597327406e+00 2.98404266578222268e+03 2.98968326364819586e+03 -1.98440170753910843e+03 1.48532784432264653e+00
8.23632812500016742e-01 5.63773543206461270e+00 2.98404552821609923e+03 2.98968326364816403e+03 -1.98440170753910866e+03 1.48532784432264653e+00
8.23828125000016787e-01 5.63487333593918471e+00 2.98404839031219262e+03 2.98968326364813174e+03 -1.98440170753910843e+03 1.48532784432264631e+00
8.24023437500016831e-01 5.63201157808554509e+00 2.98405125207001493e+03 2.98968326364810036e+03 -1.98440170753910843e+03 1.48532784432264675e+00
8.24218750000016875e-01 5.62915015899221149e+00 2.98405411348907637e+03 2.98968326364806853e+03 -1.98440170753910843e+03 1.48532784432264631e+00
8.24414062500016920e-01 5.62628907914751952e+00 2.98405697456888902e+03 2.98968326364803670e+03 -1.98440170753910843e+03 1.48532784432264608e+00
8.24609375000016964e-01 5.62342833903967154e+00 2.98405983530896492e+03 2.98968326364800441e+03 -1.98440170753910843e+03 1.48532784432264564e+00
8.24804687500017009e-01 5.62056793915683084e+00 2.98406269570881614e+03 2.98968326364797304e+03 -1.98440170753910843e+03 1.48532784432264675e+00
8.25000000000017053e-01 5.61770787998695731e+00 2.98406555576795427e+03 2.98968326364794120e+03 -1.98440170753910843e+03 1.48532784432264719e+00
