4.50195312499999944e-01 1.40225742301816226e+04 6.84869183187072758e+03 2.08712660620523493e+04 -1.56249999999995225e+03 2.25575202354081084e+00
4.50390624999999933e-01 1.40212830363233243e+04 6.85091577320639954e+03 2.08721988095297238e+04 -1.56249999999995180e+03 2.25622603701229707e+00
4.50585937499999922e-01 1.40199927869907915e+04 6.85313873820531990e+03 2.08731315251961132e+04 -1.56249999999995225e+03 2.25669990554958000e+00
4.50781249999999911e-01 1.40187034827348452e+04 6.85536072587793205e+03 2.08740642086127773e+04 -1.56249999999995225e+03 2.25717362910818897e+00
4.50976562499999900e-01 1.40174151241055024e+04 6.85758173523559162e+03 2.08749968593410958e+04 -1.56249999999995225e+03 2.25764720764381055e+00
4.51171874999999889e-01 1.40161277116519432e+04 6.85980176529057007e+03 2.08759294769425142e+04 -1.56249999999995225e+03 2.25812064111228450e+00
4.51367187499999878e-01 1.40148412459225456e+04 6.86202081505605020e+03 2.08768620609785939e+04 -1.56249999999995225e+03 2.25859392946960735e+00
4.51562499999999867e-01 1.40135557274648727e+04 6.86423888354612882e+03 2.08777946110110024e+04 -1.56249999999995202e+03 2.25906707267192797e+00
4.51757812499999856e-01 1.40122711568256727e+04 6.86645596977581226e+03 2.08787271266014868e+04 -1.56249999999995225e+03 2.25954007067555240e+00
4.51953124999999845e-01 1.40109875345508772e+04 6.86867207276102454e+03 2.08796596073118999e+04 -1.56249999999995202e+03 2.26001292343693860e+00
4.52148437499999833e-01 1.40097048611856171e+04 6.87088719151859186e+03 2.08805920527042108e+04 -1.56249999999995225e+03 2.26048563091269950e+00
4.52343749999999822e-01 1.40084231372742051e+04 6.87310132506625632e+03 2.08815244623404615e+04 -1.56249999999995225e+03 2.26095819305960299e+00
4.52539062499999811e-01 1.40071423633601389e+04 6.87531447242266950e+03 2.08824568357828102e+04 -1.56249999999995225e+03 2.26143060983457111e+00
4.52734374999999800e-01 1.40058625399861266e+04 6.87752663260739064e+03 2.08833891725935173e+04 -1.56249999999995225e+03 2.26190288119467819e+00
4.52929687499999789e-01 1.40045836676940471e+04 6.87973780464088668e+03 2.08843214723349338e+04 -1.56249999999995202e+03 2.26237500709715178e+00
4.53124999999999778e-01 1.40033057470249896e+04 6.88194798754453495e+03 2.08852537345695237e+04 -1.56249999999995202e+03 2.26284698749937840e+00
4.53320312499999767e-01 1.40020287785192340e+04 6.88415718034061774e+03 2.08861859588598527e+04 -1.56249999999995225e+03 2.26331882235889070e+00
4.53515624999999756e-01 1.40007527627162399e+04 6.88636538205232318e+03 2.08871181447685631e+04 -1.56249999999995225e+03 2.26379051163338074e+00
4.53710937499999745e-01 1.39994777001546918e+04 6.88857259170375073e+03 2.08880502918584425e+04 -1.56249999999995225e+03 2.26426205528068891e+00
4.53906249999999734e-01 1.39982035913724394e+04 6.89077880831989842e+03 2.08889823996923369e+04 -1.56249999999995202e+03 2.26473345325881237e+00
4.54101562499999722e-01 1.39969304369065540e+04 6.89298403092667377e+03 2.08899144678332268e+04 -1.56249999999995225e+03 2.26520470552590059e+00
4.54296874999999711e-01 1.39956582372933044e+04 6.89518825855088835e+03 2.08908464958441909e+04 -1.56249999999995225e+03 2.26567581204025581e+00
4.54492187499999700e-01 1.39943869930681431e+04 6.89739149022025504e+03 2.08917784832883990e+04 -1.56249999999995225e+03 2.26614677276032950e+00
4.54687499999999689e-01 1.39931167047657345e+04 6.89959372496339165e+03 2.08927104297291262e+04 -1.56249999999995225e+03 2.26661758764473298e+00
4.54882812499999678e-01 1.39918473729199559e+04 6.90179496180981732e+03 2.08936423347297750e+04 -1.56249999999995225e+03 2.26708825665222413e+00
4.55078124999999667e-01 1.39905789980638583e+04 6.90399519978995613e+03 2.08945741978538135e+04 -1.56249999999995225e+03 2.26755877974171582e+00
4.55273437499999656e-01 1.39893115807297254e+04 6.90619443793512801e+03 2.08955060186648552e+04 -1.56249999999995225e+03 2.26802915687227280e+00
4.55468749999999645e-01 1.39880451214490276e+04 6.90839267527756056e+03 2.08964377967265900e+04 -1.56249999999995225e+03 2.26849938800310857e+00
4.55664062499999634e-01 1.39867796207524516e+04 6.91058991085037451e+03 2.08973695316028243e+04 -1.56249999999995202e+03 2.26896947309359742e+00
4.55859374999999623e-01 1.39855150791698834e+04 6.91278614368759463e+03 2.08983012228574771e+04 -1.56249999999995225e+03 2.26943941210325573e+00
4.56054687499999611e-01 1.39842514972304125e+04 6.91498137282414427e+03 2.08992328700545550e+04 -1.56249999999995225e+03 2.26990920499175663e+00
4.56249999999999600e-01 1.39829888754623535e+04 6.91717559729584445e+03 2.09001644727581988e+04 -1.56249999999995202e+03 2.27037885171892517e+00
4.56445312499999589e-01 1.39817272143932114e+04 6.91936881613941478e+03 2.09010960305326262e+04 -1.56249999999995202e+03 2.27084835224473647e+00
4.56640624999999578e-01 1.39804665145497165e+04 6.92156102839246796e+03 2.09020275429421854e+04 -1.56249999999995225e+03 2.27131770652931708e+00
4.56835937499999567e-01 1.39792067764578023e+04 6.92375223309351986e+03 2.09029590095513231e+04 -1.56249999999995225e+03 2.27178691453294634e+00
4.57031249999999556e-01 1.39779480006426038e+04 6.92594242928197855e+03 2.09038904299245842e+04 -1.56249999999995225e+03 2.27225597621605369e+00
4.57226562499999545e-01 1.39766901876284956e+04 6.92813161599814703e+03 2.09048218036266408e+04 -1.56249999999995225e+03 2.27272489153921864e+00
4.57421874999999534e-01 1.39754333379390446e+04 6.93031979228322689e+03 2.09057531302222706e+04 -1.56249999999995225e+03 2.27319366046317262e+00
4.57617187499999523e-01 1.39741774520970339e+04 6.93250695717930921e+03 2.09066844092763422e+04 -1.56249999999995225e+03 2.27366228294880068e+00
4.57812499999999512e-01 1.39729225306244734e+04 6.93469310972938092e+03 2.09076156403538553e+04 -1.56249999999995202e+03 2.27413075895713268e+00
4.58007812499999500e-01 1.39716685740425801e+04 6.93687824897732389e+03 2.09085468230199040e+04 -1.56249999999995202e+03 2.27459908844935343e+00
4.58203124999999489e-01 1.39704155828717994e+04 6.93906237396790948e+03 2.09094779568397098e+04 -1.56249999999995225e+03 2.27506727138679743e+00
4.58398437499999478e-01 1.39691635576317767e+04 6.94124548374680307e+03 2.09104090413785816e+04 -1.56249999999995225e+03 2.27553530773094836e+00
4.58593749999999467e-01 1.39679124988413932e+04 6.94342757736056137e+03 2.09113400762019555e+04 -1.56249999999995225e+03 2.27600319744344137e+00
4.58789062499999456e-01 1.39666624070187427e+04 6.94560865385662964e+03 2.09122710608753732e+04 -1.56249999999995225e+03 2.27647094048606125e+00
4.58984374999999445e-01 1.39654132826811474e+04 6.94778871228334629e+03 2.09132019949644928e+04 -1.56249999999995248e+03 2.27693853682074288e+00
4.59179687499999434e-01 1.39641651263451422e+04 6.94996775168993645e+03 2.09141328780350777e+04 -1.56249999999995225e+03 2.27740598640956948e+00
4.59374999999999423e-01 1.39629179385264870e+04 6.95214577112651750e+03 2.09150637096530045e+04 -1.56249999999995225e+03 2.27787328921477705e+00
4.59570312499999412e-01 1.39616717197401722e+04 6.95432276964409175e+03 2.09159944893842621e+04 -1.56249999999995202e+03 2.27834044519874857e+00
4.59765624999999400e-01 1.39604264705004043e+04 6.95649874629455189e+03 2.09169252167949562e+04 -1.56249999999995248e+03 2.27880745432401621e+00
4.59960937499999389e-01 1.39591821913206259e+04 6.95867370013067830e+03 2.09178558914513051e+04 -1.56249999999995225e+03 2.27927431655326629e+00
4.60156249999999378e-01 1.39579388827134990e+04 6.96084763020613536e+03 2.09187865129196362e+04 -1.56249999999995248e+03 2.27974103184932675e+00
4.60351562499999367e-01 1.39566965451909145e+04 6.96302053557547606e+03 2.09197170807663897e+04 -1.56249999999995225e+03 2.28020760017518231e+00
4.60546874999999356e-01 1.39554551792639959e+04 6.96519241529413830e+03 2.09206475945581333e+04 -1.56249999999995225e+03 2.28067402149396070e+00
4.60742187499999345e-01 1.39542147854430841e+04 6.96736326841844402e+03 2.09215780538615290e+04 -1.56249999999995202e+03 2.28114029576894151e+00
4.60937499999999334e-01 1.39529753642377636e+04 6.96953309400560101e+03 2.09225084582433628e+04 -1.56249999999995225e+03 2.28160642296355354e+00
4.61132812499999323e-01 1.39517369161568477e+04 6.97170189111370019e+03 2.09234388072705478e+04 -1.56249999999995225e+03 2.28207240304137260e+00
4.61328124999999312e-01 1.39504994417083690e+04 6.97386965880171465e+03 2.09243691005100845e+04 -1.56249999999995225e+03 2.28253823596612460e+00
4.61523437499999301e-01 1.39492629413996183e+04 6.97603639612950246e+03 2.09252993375291189e+04 -1.56249999999995248e+03 2.28300392170168065e+00
4.61718749999999289e-01 1.39480274157370932e+04 6.97820210215780207e+03 2.09262295178948953e+04 -1.56249999999995225e+03 2.28346946021206554e+00
4.61914062499999278e-01 1.39467928652265491e+04 6.98036677594823232e+03 2.09271596411747814e+04 -1.56249999999995271e+03 2.28393485146144748e+00
4.62109374999999267e-01 1.39455592903729612e+04 6.98253041656329697e+03 2.09280897069362582e+04 -1.56249999999995271e+03 2.28440009541414524e+00
4.62304687499999256e-01 1.39443266916805496e+04 6.98469302306637564e+03 2.09290197147469262e+04 -1.56249999999995225e+03 2.28486519203462501e+00
4.62499999999999245e-01 1.39430950696527689e+04 6.98685459452173109e+03 2.09299496641744990e+04 -1.56249999999995271e+03 2.28533014128750001e+00
4.62695312499999234e-01 1.39418644247923112e+04 6.98901512999450370e+03 2.09308795547868140e+04 -1.56249999999995271e+03 2.28579494313753218e+00
4.62890624999999223e-01 1.39406347576011103e+04 6.99117462855071244e+03 2.09318093861518209e+04 -1.56249999999995271e+03 2.28625959754963137e+00
4.63085937499999212e-01 1.39394060685803433e+04 6.99333308925725578e+03 2.09327391578375973e+04 -1.56249999999995271e+03 2.28672410448885399e+00
4.63281249999999201e-01 1.39381783582304197e+04 6.99549051118190800e+03 2.09336688694123295e+04 -1.56249999999995271e+03 2.28718846392040254e+00
4.63476562499999190e-01 1.39369516270510085e+04 6.99764689339331926e+03 2.09345985204443277e+04 -1.56249999999995271e+03 2.28765267580963005e+00
4.63671874999999178e-01 1.39357258755409912e+04 6.99980223496102099e+03 2.09355281105020113e+04 -1.56249999999995271e+03 2.28811674012203525e+00
4.63867187499999167e-01 1.39345011041985308e+04 7.00195653495541410e+03 2.09364576391539449e+04 -1.56249999999995271e+03 2.28858065682326206e+00
4.64062499999999156e-01 1.39332773135210082e+04 7.00410979244777900e+03 2.09373871059687881e+04 -1.56249999999995225e+03 2.28904442587910451e+00
4.64257812499999145e-01 1.39320545040050565e+04 7.00626200651026920e+03 2.09383165105153239e+04 -1.56249999999995248e+03 2.28950804725549872e+00
4.64453124999999134e-01 1.39308326761465614e+04 7.00841317621591406e+03 2.09392458523624737e+04 -1.56249999999995271e+03 2.28997152091853406e+00
4.64648437499999123e-01 1.39296118304406500e+04 7.01056330063861242e+03 2.09401751310792606e+04 -1.56249999999995248e+03 2.29043484683444154e+00
4.64843749999999112e-01 1.39283919673817054e+04 7.01271237885313985e+03 2.09411043462348462e+04 -1.56249999999995248e+03 2.29089802496960004e+00
4.65039062499999101e-01 1.39271730874633467e+04 7.01486040993514234e+03 2.09420334973984900e+04 -1.56249999999995271e+03 2.29136105529053369e+00
4.65234374999999090e-01 1.39259551911784620e+04 7.01700739296113898e+03 2.09429625841396009e+04 -1.56249999999995271e+03 2.29182393776391491e+00
4.65429687499999079e-01 1.39247382790191659e+04 7.01915332700851923e+03 2.09438916060276861e+04 -1.56249999999995248e+03 2.29228667235656136e+00
4.65624999999999067e-01 1.39235223514768550e+04 7.02129821115554387e+03 2.09448205626323979e+04 -1.56249999999995271e+03 2.29274925903543503e+00
4.65820312499999056e-01 1.39223074090421560e+04 7.02344204448134224e+03 2.09457494535234982e+04 -1.56249999999995271e+03 2.29321169776764799e+00
4.66015624999999045e-01 1.39210934522049592e+04 7.02558482606591315e+03 2.09466782782708724e+04 -1.56249999999995293e+03 2.29367398852045179e+00
4.66210937499999034e-01 1.39198804814544037e+04 7.02772655499012944e+03 2.09476070364445332e+04 -1.56249999999995271e+03 2.29413613126125027e+00
4.66406249999999023e-01 1.39186684972788935e+04 7.02986723033572343e+03 2.09485357276146169e+04 -1.56249999999995316e+03 2.29459812595758716e+00
4.66601562499999012e-01 1.39174575001660778e+04 7.03200685118530419e+03 2.09494643513513802e+04 -1.56249999999995316e+03 2.29505997257715411e+00
4.66796874999999001e-01 1.39162474906028765e+04 7.03414541662234296e+03 2.09503929072252213e+04 -1.56249999999995293e+03 2.29552167108778837e+00
4.66992187499998990e-01 1.39150384690754527e+04 7.03628292573117687e+03 2.09513213948066295e+04 -1.56249999999995316e+03 2.29598322145747380e+00
4.67187499999998979e-01 1.39138304360692418e+04 7.03841937759701250e+03 2.09522498136662543e+04 -1.56249999999995271e+03 2.29644462365433633e+00
4.67382812499998967e-01 1.39126233920689356e+04 7.04055477130592044e+03 2.09531781633748542e+04 -1.56249999999995316e+03 2.29690587764664622e+00
4.67578124999998956e-01 1.39114173375584869e+04 7.04268910594483714e+03 2.09541064435033259e+04 -1.56249999999995316e+03 2.29736698340282208e+00
4.67773437499998945e-01 1.39102122730211031e+04 7.04482238060156124e+03 2.09550346536226643e+04 -1.56249999999995316e+03 2.29782794089142417e+00
4.67968749999998934e-01 1.39090081989392675e+04 7.04695459436475721e+03 2.09559627933040247e+04 -1.56249999999995316e+03 2.29828875008116063e+00
4.68164062499998923e-01 1.39078051157947193e+04 7.04908574632395448e+03 2.09568908621186747e+04 -1.56249999999995316e+03 2.29874941094087948e+00
4.68359374999998912e-01 1.39066030240684631e+04 7.05121583556954101e+03 2.09578188596380060e+04 -1.56249999999995271e+03 2.29920992343957842e+00
4.68554687499998901e-01 1.39054019242407685e+04 7.05334486119276971e+03 2.09587467854335373e+04 -1.56249999999995316e+03 2.29967028754639413e+00
4.68749999999998890e-01 1.39042018167911701e+04 7.05547282228575477e+03 2.09596746390769258e+04 -1.56249999999995316e+03 2.30013050323061297e+00
4.68945312499998879e-01 1.39030027021984824e+04 7.05759971794147077e+03 2.09606024201399523e+04 -1.56249999999995316e+03 2.30059057046165982e+00
4.69140624999998868e-01 1.39018045809407722e+04 7.05972554725375358e+03 2.09615301281945249e+04 -1.56249999999995293e+03 2.30105048920910660e+00
4.69335937499998856e-01 1.39006074534953750e+04 7.06185030931729852e+03 2.09624577628126717e+04 -1.56249999999995316e+03 2.30151025944266907e+00
4.69531249999998845e-01 1.38994113203389152e+04 7.06397400322766225e+03 2.09633853235665774e+04 -1.56249999999995316e+03 2.30196988113220602e+00
4.69726562499998834e-01 1.38982161819472676e+04 7.06609662808125631e+03 2.09643128100285248e+04 -1.56249999999995293e+03 2.30242935424771833e+00
4.69921874999998823e-01 1.38970220387955833e+04 7.06821818297535356e+03 2.09652402217709387e+04 -1.56249999999995316e+03 2.30288867875935432e+00
4.70117187499998812e-01 1.38958288913583019e+04 7.07033866700808358e+03 2.09661675583663855e+04 -1.56249999999995293e+03 2.30334785463740221e+00
4.70312499999998801e-01 1.38946367401091193e+04 7.07245807927843452e+03 2.09670948193875520e+04 -1.56249999999995293e+03 2.30380688185229276e+00
4.70507812499998790e-01 1.38934455855210108e+04 7.07457641888624858e+03 2.09680220044072594e+04 -1.56249999999995293e+03 2.30426576037460418e+00
4.70703124999998779e-01 1.38922554280662225e+04 7.07669368493222828e+03 2.09689491129984526e+04 -1.56249999999995316e+03 2.30472449017505499e+00
4.70898437499998768e-01 1.38910662682162856e+04 7.07880987651792566e+03 2.09698761447342113e+04 -1.56249999999995248e+03 2.30518307122450450e+00
4.71093749999998757e-01 1.38898781064420091e+04 7.08092499274575312e+03 2.09708030991877604e+04 -1.56249999999995316e+03 2.30564150349395947e+00
4.71289062499998745e-01 1.38886909432134617e+04 7.08303903271897343e+03 2.09717299759324342e+04 -1.56249999999995293e+03 2.30609978695456563e+00
4.71484374999998734e-01 1.38875047790000153e+04 7.08515199554170613e+03 2.09726567745417196e+04 -1.56249999999995248e+03 2.30655792157761086e+00
4.71679687499998723e-01 1.38863196142703109e+04 7.08726388031892475e+03 2.09735834945892348e+04 -1.56249999999995293e+03 2.30701590733452999e+00
4.71874999999998712e-01 1.38851354494922671e+04 7.08937468615645048e+03 2.09745101356487176e+04 -1.56249999999995271e+03 2.30747374419689777e+00
4.72070312499998701e-01 1.38839522851330821e+04 7.09148441216096217e+03 2.09754366972940443e+04 -1.56249999999995293e+03 2.30793143213642837e+00
4.72265624999998690e-01 1.38827701216592486e+04 7.09359305743998812e+03 2.09763631790992367e+04 -1.56249999999995316e+03 2.30838897112498120e+00
4.72460937499998679e-01 1.38815889595365297e+04 7.09570062110190793e+03 2.09772895806384367e+04 -1.56249999999995293e+03 2.30884636113455688e+00
4.72656249999998668e-01 1.38804087992299883e+04 7.09780710225595067e+03 2.09782159014859390e+04 -1.56249999999995316e+03 2.30930360213730079e+00
4.72851562499998657e-01 1.38792296412039505e+04 7.09991250001219760e+03 2.09791421412161471e+04 -1.56249999999995316e+03 2.30976069410549334e+00
4.73046874999998646e-01 1.38780514859220420e+04 7.10201681348157854e+03 2.09800682994036215e+04 -1.56249999999995316e+03 2.31021763701156235e+00
4.73242187499998634e-01 1.38768743338471795e+04 7.10412004177587096e+03 2.09809943756230496e+04 -1.56249999999995316e+03 2.31067443082807600e+00
4.73437499999998623e-01 1.38756981854415571e+04 7.10622218400770180e+03 2.09819203694492608e+04 -1.56249999999995293e+03 2.31113107552774366e+00
4.73632812499998612e-01 1.38745230411666635e+04 7.10832323929054655e+03 2.09828462804572118e+04 -1.56249999999995339e+03 2.31158757108341506e+00
4.73828124999998601e-01 1.38733489014832739e+04 7.11042320673872655e+03 2.09837721082220014e+04 -1.56249999999995293e+03 2.31204391746808158e+00
4.74023437499998590e-01 1.38721757668514547e+04 7.11252208546741076e+03 2.09846978523188664e+04 -1.56249999999995293e+03 2.31250011465487715e+00
4.74218749999998579e-01 1.38710036377305587e+04 7.11461987459261309e+03 2.09856235123231709e+04 -1.56249999999995316e+03 2.31295616261707471e+00
4.74414062499998568e-01 1.38698325145792442e+04 7.11671657323119507e+03 2.09865490878104392e+04 -1.56249999999995316e+03 2.31341206132808930e+00
4.74609374999998557e-01 1.38686623978554508e+04 7.11881218050086136e+03 2.09874745783563121e+04 -1.56249999999995293e+03 2.31386781076147585e+00
4.74804687499998546e-01 1.38674932880164124e+04 7.12090669552016152e+03 2.09883999835365757e+04 -1.56249999999995293e+03 2.31432341089093230e+00
4.74999999999998535e-01 1.38663251855186609e+04 7.12300011740849186e+03 2.09893253029271509e+04 -1.56249999999995316e+03 2.31477886169029334e+00
4.75195312499998523e-01 1.38651580908180258e+04 7.12509244528608906e+03 2.09902505361041149e+04 -1.56249999999995316e+03 2.31523416313353936e+00
4.75390624999998512e-01 1.38639920043696275e+04 7.12718367827403199e+03 2.09911756826436613e+04 -1.56249999999995316e+03 2.31568931519478571e+00
4.75585937499998501e-01 1.38628269266278876e+04 7.12927381549424626e+03 2.09921007421221329e+04 -1.56249999999995339e+03 2.31614431784828900e+00
4.75781249999998490e-01 1.38616628580465258e+04 7.13136285606949423e+03 2.09930257141160182e+04 -1.56249999999995339e+03 2.31659917106845104e+00
4.75976562499998479e-01 1.38604997990785560e+04 7.13345079912338224e+03 2.09939505982019400e+04 -1.56249999999995293e+03 2.31705387482980685e+00
4.76171874999998468e-01 1.38593377501762970e+04 7.13553764378035703e+03 2.09948753939566523e+04 -1.56249999999995316e+03 2.31750842910703581e+00
4.76367187499998457e-01 1.38581767117913696e+04 7.13762338916570661e+03 2.09958001009570762e+04 -1.56249999999995316e+03 2.31796283387495539e+00
4.76562499999998446e-01 1.38570166843746920e+04 7.13970803440555574e+03 2.09967247187802495e+04 -1.56249999999995316e+03 2.31841708910852384e+00
4.76757812499998435e-01 1.38558576683764841e+04 7.14179157862687225e+03 2.09976492470033554e+04 -1.56249999999995293e+03 2.31887119478283621e+00
4.76953124999998423e-01 1.38546996642462764e+04 7.14387402095745711e+03 2.09985736852037335e+04 -1.56249999999995316e+03 2.31932515087313185e+00
4.77148437499998412e-01 1.38535426724328954e+04 7.14595536052595617e+03 2.09994980329588507e+04 -1.56249999999995316e+03 2.31977895735478556e+00
4.77343749999998401e-01 1.38523866933844729e+04 7.14803559646184840e+03 2.10004222898463195e+04 -1.56249999999995316e+03 2.32023261420331162e+00
4.77539062499998390e-01 1.38512317275484547e+04 7.15011472789545041e+03 2.10013464554439051e+04 -1.56249999999995316e+03 2.32068612139436503e+00
4.77734374999998379e-01 1.38500777753715884e+04 7.15219275395791465e+03 2.10022705293295039e+04 -1.56249999999995316e+03 2.32113947890374117e+00
4.77929687499998368e-01 1.38489248372999282e+04 7.15426967378123027e+03 2.10031945110811575e+04 -1.56249999999995316e+03 2.32159268670736951e+00
4.78124999999998357e-01 1.38477729137788392e+04 7.15634548649822318e+03 2.10041184002770606e+04 -1.56249999999995316e+03 2.32204574478132386e+00
4.78320312499998346e-01 1.38466220052529916e+04 7.15842019124255239e+03 2.10050421964955458e+04 -1.56249999999995316e+03 2.32249865310181169e+00
4.78515624999998335e-01 1.38454721121663715e+04 7.16049378714871091e+03 2.10059658993150806e+04 -1.56249999999995339e+03 2.32295141164518437e+00
4.78710937499998324e-01 1.38443232349622685e+04 7.16256627335202575e+03 2.10068895083142925e+04 -1.56249999999995293e+03 2.32340402038792648e+00
4.78906249999998312e-01 1.38431753740832992e+04 7.16463764898865884e+03 2.10078130230719580e+04 -1.56249999999995316e+03 2.32385647930666606e+00
4.79101562499998301e-01 1.38420285299713760e+04 7.16670791319560522e+03 2.10087364431669812e+04 -1.56249999999995316e+03 2.32430878837816435e+00
4.79296874999998290e-01 1.38408827030677312e+04 7.16877706511068664e+03 2.10096597681784187e+04 -1.56249999999995316e+03 2.32476094757932561e+00
4.79492187499998279e-01 1.38397378938129132e+04 7.17084510387256341e+03 2.10105829976854766e+04 -1.56249999999995293e+03 2.32521295688718910e+00
4.79687499999998268e-01 1.38385941026467917e+04 7.17291202862072169e+03 2.10115061312675134e+04 -1.56249999999995316e+03 2.32566481627893262e+00
4.79882812499998257e-01 1.38374513300085346e+04 7.17497783849548159e+03 2.10124291685040153e+04 -1.56249999999995316e+03 2.32611652573187300e+00
4.80078124999998246e-01 1.38363095763366509e+04 7.17704253263799274e+03 2.10133521089746428e+04 -1.56249999999995316e+03 2.32656808522346292e+00
4.80273437499998235e-01 1.38351688420689406e+04 7.17910611019023236e+03 2.10142749522591730e+04 -1.56249999999995293e+03 2.32701949473129588e+00
4.80468749999998224e-01 1.38340291276425542e+04 7.18116857029500807e+03 2.10151976979375613e+04 -1.56249999999995316e+03 2.32747075423309902e+00
4.80664062499998213e-01 1.38328904334939289e+04 7.18322991209595693e+03 2.10161203455898867e+04 -1.56249999999995293e+03 2.32792186370673804e+00
4.80859374999998201e-01 1.38317527600588492e+04 7.18529013473754094e+03 2.10170428947963883e+04 -1.56249999999995316e+03 2.32837282313021809e+00
4.81054687499998190e-01 1.38306161077724064e+04 7.18734923736505334e+03 2.10179653451374616e+04 -1.56249999999995316e+03 2.32882363248168112e+00
4.81249999999998179e-01 1.38294804770690080e+04 7.18940721912461231e+03 2.10188876961936185e+04 -1.56249999999995316e+03 2.32927429173940270e+00
4.81445312499998168e-01 1.38283458683824083e+04 7.19146407916316093e+03 2.10198099475455674e+04 -1.56249999999995316e+03 2.32972480088180012e+00
4.81640624999998157e-01 1.38272122821456633e+04 7.19351981662846993e+03 2.10207320987741332e+04 -1.56249999999995316e+03 2.33017515988742474e+00
4.81835937499998146e-01 1.38260797187911667e+04 7.19557443066913584e+03 2.10216541494603007e+04 -1.56249999999995316e+03 2.33062536873496473e+00
4.82031249999998135e-01 1.38249481787506320e+04 7.19762792043457921e+03 2.10225760991852112e+04 -1.56249999999995316e+03 2.33107542740324769e+00
4.82226562499998124e-01 1.38238176624550961e+04 7.19968028507504278e+03 2.10234979475301370e+04 -1.56249999999995316e+03 2.33152533587123356e+00
4.82421874999998113e-01 1.38226881703349336e+04 7.20173152374159690e+03 2.10244196940765323e+04 -1.56249999999995316e+03 2.33197509411802129e+00
4.82617187499998102e-01 1.38215597028198299e+04 7.20378163558613232e+03 2.10253413384059604e+04 -1.56249999999995316e+03 2.33242470212284836e+00
4.82812499999998090e-01 1.38204322603388282e+04 7.20583061976136560e+03 2.10262628801001920e+04 -1.56249999999995293e+03 2.33287415986508417e+00
4.83007812499998079e-01 1.38193058433202641e+04 7.20787847542083000e+03 2.10271843187410923e+04 -1.56249999999995316e+03 2.33332346732423623e+00
4.83203124999998068e-01 1.38181804521918384e+04 7.20992520171888464e+03 2.10281056539107230e+04 -1.56249999999995316e+03 2.33377262447994882e+00
4.83398437499998057e-01 1.38170560873805625e+04 7.21197079781070988e+03 2.10290268851912733e+04 -1.56249999999995316e+03 2.33422163131200033e+00
4.83593749999998046e-01 1.38159327493127876e+04 7.21401526285230466e+03 2.10299480121650922e+04 -1.56249999999995316e+03 2.33467048780030861e+00
4.83789062499998035e-01 1.38148104384141971e+04 7.21605859600049007e+03 2.10308690344146889e+04 -1.56249999999995339e+03 2.33511919392492162e+00
4.83984374999998024e-01 1.38136891551098051e+04 7.21810079641290395e+03 2.10317899515227109e+04 -1.56249999999995316e+03 2.33556774966602942e+00
4.84179687499998013e-01 1.38125688998239730e+04 7.22014186324800630e+03 2.10327107630719802e+04 -1.56249999999995316e+03 2.33601615500395265e+00
4.84374999999998002e-01 1.38114496729803795e+04 7.22218179566507388e+03 2.10336314686454534e+04 -1.56249999999995316e+03 2.33646440991914872e+00
4.84570312499997990e-01 1.38103314750020509e+04 7.22422059282420196e+03 2.10345520678262546e+04 -1.56249999999995339e+03 2.33691251439221315e+00
4.84765624999997979e-01 1.38092143063113508e+04 7.22625825388630165e+03 2.10354725601976534e+04 -1.56249999999995316e+03 2.33736046840387157e+00
4.84960937499997968e-01 1.38080981673299775e+04 7.22829477801310532e+03 2.10363929453430828e+04 -1.56249999999995339e+03 2.33780827193499041e+00
4.85156249999997957e-01 1.38069830584789761e+04 7.23033016436715661e+03 2.10373132228461327e+04 -1.56249999999995316e+03 2.33825592496656531e+00
4.85351562499997946e-01 1.38058689801787223e+04 7.23236441211181773e+03 2.10382333922905382e+04 -1.56249999999995316e+03 2.33870342747973226e+00
4.85546874999997935e-01 1.38047559328489315e+04 7.23439752041126758e+03 2.10391534532601981e+04 -1.56249999999995316e+03 2.33915077945575822e+00
4.85742187499997924e-01 1.38036439169086771e+04 7.23642948843049726e+03 2.10400734053391752e+04 -1.56249999999995339e+03 2.33959798087604787e+00
4.85937499999997913e-01 1.38025329327763557e+04 7.23846031533531459e+03 2.10409932481116703e+04 -1.56249999999995339e+03 2.34004503172213640e+00
4.86132812499997902e-01 1.38014229808697164e+04 7.24049000029233866e+03 2.10419129811620551e+04 -1.56249999999995316e+03 2.34049193197569938e+00
4.86328124999997891e-01 1.38003140616058463e+04 7.24251854246900621e+03 2.10428326040748507e+04 -1.56249999999995362e+03 2.34093868161853935e+00
4.86523437499997879e-01 1.37992061754011884e+04 7.24454594103356158e+03 2.10437521164347490e+04 -1.56249999999995316e+03 2.34138528063260187e+00
4.86718749999997868e-01 1.37980993226715218e+04 7.24657219515506495e+03 2.10446715178265877e+04 -1.56249999999995316e+03 2.34183172899995728e+00
4.86914062499997857e-01 1.37969935038319800e+04 7.24859730400338685e+03 2.10455908078353677e+04 -1.56249999999995339e+03 2.34227802670281937e+00
4.87109374999997846e-01 1.37958887192970415e+04 7.25062126674921001e+03 2.10465099860462506e+04 -1.56249999999995316e+03 2.34272417372352715e+00
4.87304687499997835e-01 1.37947849694805172e+04 7.25264408256402930e+03 2.10474290520445466e+04 -1.56249999999995316e+03 2.34317017004456174e+00
4.87499999999997824e-01 1.37936822547955926e+04 7.25466575062014545e+03 2.10483480054157371e+04 -1.56249999999995316e+03 2.34361601564852995e+00
4.87695312499997813e-01 1.37925805756547943e+04 7.25668627009067313e+03 2.10492668457454674e+04 -1.56249999999995316e+03 2.34406171051818069e+00
4.87890624999997802e-01 1.37914799324699852e+04 7.25870564014953561e+03 2.10501855726195208e+04 -1.56249999999995316e+03 2.34450725463638943e+00
4.88085937499997791e-01 1.37903803256524061e+04 7.26072385997146375e+03 2.10511041856238699e+04 -1.56249999999995316e+03 2.34495264798616843e+00
4.88281249999997780e-01 1.37892817556126211e+04 7.26274092873199788e+03 2.10520226843446180e+04 -1.56249999999995316e+03 2.34539789055066228e+00
4.88476562499997768e-01 1.37881842227605721e+04 7.26475684560748414e+03 2.10529410683680544e+04 -1.56249999999995316e+03 2.34584298231315058e+00
4.88671874999997757e-01 1.37870877275055445e+04 7.26677160977507901e+03 2.10538593372806245e+04 -1.56249999999995316e+03 2.34628792325704305e+00
4.88867187499997746e-01 1.37859922702561762e+04 7.26878522041274391e+03 2.10547774906689192e+04 -1.56249999999995316e+03 2.34673271336588529e+00
4.89062499999997735e-01 1.37848978514204664e+04 7.27079767669924604e+03 2.10556955281197115e+04 -1.56249999999995316e+03 2.34717735262335614e+00
4.89257812499997724e-01 1.37838044714057687e+04 7.27280897781415933e+03 2.10566134492199271e+04 -1.56249999999995316e+03 2.34762184101326365e+00
4.89453124999997713e-01 1.37827121306187910e+04 7.27481912293786172e+03 2.10575312535566518e+04 -1.56249999999995316e+03 2.34806617851955313e+00
4.89648437499997702e-01 1.37816208294656026e+04 7.27682811125153785e+03 2.10584489407171422e+04 -1.56249999999995316e+03 2.34851036512629907e+00
4.89843749999997691e-01 1.37805305683516326e+04 7.27883594193717454e+03 2.10593665102888081e+04 -1.56249999999995316e+03 2.34895440081771012e+00
4.90039062499997680e-01 1.37794413476816699e+04 7.28084261417756443e+03 2.10602839618592334e+04 -1.56249999999995316e+03 2.34939828557812813e+00
4.90234374999997669e-01 1.37783531678598611e+04 7.28284812715630324e+03 2.10612012950161661e+04 -1.56249999999995339e+03 2.34984201939202553e+00
4.90429687499997657e-01 1.37772660292897199e+04 7.28485248005778612e+03 2.10621185093475069e+04 -1.56249999999995316e+03 2.35028560224400751e+00
4.90624999999997646e-01 1.37761799323741143e+04 7.28685567206721498e+03 2.10630356044413275e+04 -1.56249999999995316e+03 2.35072903411881073e+00
4.90820312499997635e-01 1.37750948775152847e+04 7.28885770237058932e+03 2.10639525798858740e+04 -1.56249999999995339e+03 2.35117231500130730e+00
4.91015624999997624e-01 1.37740108651148239e+04 7.29085857015471447e+03 2.10648694352695384e+04 -1.56249999999995316e+03 2.35161544487649854e+00
4.91210937499997613e-01 1.37729278955736954e+04 7.29285827460719338e+03 2.10657861701808870e+04 -1.56249999999995316e+03 2.35205842372951679e+00
4.91406249999997602e-01 1.37718459692922406e+04 7.29485681491642845e+03 2.10667027842086682e+04 -1.56249999999995316e+03 2.35250125154562850e+00
4.91601562499997591e-01 1.37707650866701424e+04 7.29685419027162425e+03 2.10676192769417685e+04 -1.56249999999995316e+03 2.35294392831022936e+00
4.91796874999997580e-01 1.37696852481064707e+04 7.29885039986278389e+03 2.10685356479692564e+04 -1.56249999999995316e+03 2.35338645400885005e+00
4.91992187499997569e-01 1.37686064539996532e+04 7.30084544288070902e+03 2.10694518968803604e+04 -1.56249999999995316e+03 2.35382882862714737e+00
4.92187499999997558e-01 1.37675287047474958e+04 7.30283931851699799e+03 2.10703680232644947e+04 -1.56249999999995316e+03 2.35427105215091537e+00
4.92382812499997546e-01 1.37664520007471638e+04 7.30483202596405044e+03 2.10712840267112151e+04 -1.56249999999995339e+03 2.35471312456607551e+00
4.92578124999997535e-01 1.37653763423951950e+04 7.30682356441505908e+03 2.10721999068102523e+04 -1.56249999999995339e+03 2.35515504585868074e+00
4.92773437499997524e-01 1.37643017300875035e+04 7.30881393306401969e+03 2.10731156631515223e+04 -1.56249999999995339e+03 2.35559681601491810e+00
4.92968749999997513e-01 1.37632281642193793e+04 7.31080313110571478e+03 2.10740312953250941e+04 -1.56249999999995316e+03 2.35603843502110122e+00
4.93164062499997502e-01 1.37621556451854685e+04 7.31279115773573267e+03 2.10749468029212003e+04 -1.56249999999995339e+03 2.35647990286367737e+00
4.93359374999997491e-01 1.37610841733798079e+04 7.31477801215045019e+03 2.10758621855302590e+04 -1.56249999999995316e+03 2.35692121952922440e+00
4.93554687499997480e-01 1.37600137491957994e+04 7.31676369354704184e+03 2.10767774427428412e+04 -1.56249999999995316e+03 2.35736238500445072e+00
4.93749999999997469e-01 1.37589443730262228e+04 7.31874820112347606e+03 2.10776925741496998e+04 -1.56249999999995362e+03 2.35780339927619176e+00
4.93945312499997458e-01 1.37578760452632341e+04 7.32073153407851441e+03 2.10786075793417476e+04 -1.56249999999995316e+03 2.35824426233142104e+00
4.94140624999997446e-01 1.37568087662983689e+04 7.32271369161171242e+03 2.10795224579100832e+04 -1.56249999999995316e+03 2.35868497415723422e+00
4.94335937499997435e-01 1.37557425365225354e+04 7.32469467292341869e+03 2.10804372094459541e+04 -1.56249999999995339e+03 2.35912553474086240e+00
4.94531249999997424e-01 1.37546773563260213e+04 7.32667447721477311e+03 2.10813518335407935e+04 -1.56249999999995316e+03 2.35956594406966547e+00
4.94726562499997413e-01 1.37536132260984959e+04 7.32865310368770861e+03 2.10822663297862055e+04 -1.56249999999995339e+03 2.36000620213113432e+00
4.94921874999997402e-01 1.37525501462290140e+04 7.33063055154494941e+03 2.10831806977739616e+04 -1.56249999999995339e+03 2.36044630891288643e+00
4.95117187499997391e-01 1.37514881171059969e+04 7.33260681999001008e+03 2.10840949370960079e+04 -1.56249999999995316e+03 2.36088626440267246e+00
4.95312499999997380e-01 1.37504271391172642e+04 7.33458190822719553e+03 2.10850090473444579e+04 -1.56249999999995316e+03 2.36132606858837191e+00
4.95507812499997369e-01 1.37493672126500005e+04 7.33655581546160010e+03 2.10859230281115997e+04 -1.56249999999995339e+03 2.36176572145799346e+00
4.95703124999997358e-01 1.37483083380907847e+04 7.33852854089911125e+03 2.10868368789898959e+04 -1.56249999999995316e+03 2.36220522299967728e+00
4.95898437499997347e-01 1.37472505158255881e+04 7.34050008374639947e+03 2.10877505995719876e+04 -1.56249999999995316e+03 2.36264457320168786e+00
4.96093749999997335e-01 1.37461937462397455e+04 7.34247044321092653e+03 2.10886641894506720e+04 -1.56249999999995271e+03 2.36308377205242648e+00
4.96289062499997324e-01 1.37451380297179967e+04 7.34443961850094456e+03 2.10895776482189394e+04 -1.56249999999995316e+03 2.36352281954041832e+00
4.96484374999997313e-01 1.37440833666444560e+04 7.34640760882549057e+03 2.10904909754699474e+04 -1.56249999999995339e+03 2.36396171565431867e+00
4.96679687499997302e-01 1.37430297574026281e+04 7.34837441339438919e+03 2.10914041707970173e+04 -1.56249999999995316e+03 2.36440046038291252e+00
4.96874999999997291e-01 1.37419772023754103e+04 7.35034003141824905e+03 2.10923172337936594e+04 -1.56249999999995293e+03 2.36483905371511494e+00
4.97070312499997280e-01 1.37409257019450870e+04 7.35230446210847094e+03 2.10932301640535588e+04 -1.56249999999995316e+03 2.36527749563996847e+00
4.97265624999997269e-01 1.37398752564933275e+04 7.35426770467723509e+03 2.10941429611705607e+04 -1.56249999999995316e+03 2.36571578614664224e+00
4.97460937499997258e-01 1.37388258664011937e+04 7.35622975833750934e+03 2.10950556247387030e+04 -1.56249999999995316e+03 2.36615392522444035e+00
4.97656249999997247e-01 1.37377775320491437e+04 7.35819062230304735e+03 2.10959681543521910e+04 -1.56249999999995316e+03 2.36659191286278814e+00
4.97851562499997236e-01 1.37367302538170261e+04 7.36015029578838585e+03 2.10968805496054119e+04 -1.56249999999995316e+03 2.36702974905124597e+00
4.98046874999997224e-01 1.37356840320840711e+04 7.36210877800884282e+03 2.10977928100929130e+04 -1.56249999999995316e+03 2.36746743377949720e+00
4.98242187499997213e-01 1.37346388672289231e+04 7.36406606818052296e+03 2.10987049354094452e+04 -1.56249999999995316e+03 2.36790496703735664e+00
4.98437499999997202e-01 1.37335947596295973e+04 7.36602216552031314e+03 2.10996169251499086e+04 -1.56249999999995316e+03 2.36834234881476569e+00
4.98632812499997191e-01 1.37325517096635340e+04 7.36797706924588147e+03 2.11005287789094145e+04 -1.56249999999995339e+03 2.36877957910179626e+00
4.98828124999997180e-01 1.37315097177075277e+04 7.36993077857567732e+03 2.11014404962832050e+04 -1.56249999999995316e+03 2.36921665788864422e+00
4.99023437499997169e-01 1.37304687841378163e+04 7.37188329272893316e+03 2.11023520768667513e+04 -1.56249999999995316e+03 2.36965358516563729e+00
4.99218749999997158e-01 1.37294289093300085e+04 7.37383461092565904e+03 2.11032635202556667e+04 -1.56249999999995316e+03 2.37009036092322845e+00
4.99414062499997147e-01 1.37283900936591053e+04 7.37578473238664992e+03 2.11041748260457534e+04 -1.56249999999995316e+03 2.37052698515199944e+00
4.99609374999997136e-01 1.37273523374995275e+04 7.37773365633347657e+03 2.11050859938330032e+04 -1.56249999999995316e+03 2.37096345784266083e+00
4.99804687499997125e-01 1.37263156412250901e+04 7.37968138198849192e+03 2.11059970232135820e+04 -1.56249999999995316e+03 2.37139977898604881e+00
4.99999999999997113e-01 1.37252800052089897e+04 7.38162790857482651e+03 2.11069079137838162e+04 -1.56249999999995293e+03 2.37183594857312530e+00
5.00195312499997158e-01 1.37242454298238499e+04 7.38357323531638849e+03 2.11078186651402393e+04 -1.56249999999995293e+03 2.37227196659498496e+00
5.00390624999997202e-01 1.37232119154416869e+04 7.38551736143786547e+03 2.11087292768795523e+04 -1.56249999999995271e+03 2.37270783304284461e+00
5.00585937499997247e-01 1.37221794624339072e+04 7.38746028616472267e+03 2.11096397485986308e+04 -1.56249999999995316e+03 2.37314354790804938e+00
5.00781249999997291e-01 1.37211480711713557e+04 7.38940200872320020e+03 2.11105500798945577e+04 -1.56249999999995316e+03 2.37357911118207277e+00
5.00976562499997335e-01 1.37201177420242402e+04 7.39134252834031759e+03 2.11114602703645578e+04 -1.56249999999995316e+03 2.37401452285651526e+00
5.01171874999997380e-01 1.37190884753622013e+04 7.39328184424387018e+03 2.11123703196060706e+04 -1.56249999999995293e+03 2.37444978292310349e+00
5.01367187499997424e-01 1.37180602715542773e+04 7.39521995566242549e+03 2.11132802272167028e+04 -1.56249999999995293e+03 2.37488489137368886e+00
5.01562499999997469e-01 1.37170331309689100e+04 7.39715686182532954e+03 2.11141899927942395e+04 -1.56249999999995339e+03 2.37531984820025333e+00
5.01757812499997513e-01 1.37160070539739572e+04 7.39909256196270144e+03 2.11150996159366587e+04 -1.56249999999995293e+03 2.37575465339490144e+00
5.01953124999997558e-01 1.37149820409366839e+04 7.40102705530543608e+03 2.11160090962421200e+04 -1.56249999999995316e+03 2.37618930694986608e+00
5.02148437499997602e-01 1.37139580922237546e+04 7.40296034108520143e+03 2.11169184333089579e+04 -1.56249999999995293e+03 2.37662380885750846e+00
5.02343749999997646e-01 1.37129352082012574e+04 7.40489241853443764e+03 2.11178276267356960e+04 -1.56249999999995293e+03 2.37705815911031193e+00
5.02539062499997691e-01 1.37119133892346745e+04 7.40682328688635971e+03 2.11187366761210360e+04 -1.56249999999995362e+03 2.37749235770088996e+00
5.02734374999997735e-01 1.37108926356889242e+04 7.40875294537495211e+03 2.11196455810638763e+04 -1.56249999999995339e+03 2.37792640462197902e+00
5.02929687499997780e-01 1.37098729479283156e+04 7.41068139323497326e+03 2.11205543411632898e+04 -1.56249999999995339e+03 2.37836029986644304e+00
5.03124999999997824e-01 1.37088543263165775e+04 7.41260862970195376e+03 2.11214629560185313e+04 -1.56249999999995293e+03 2.37879404342727252e+00
5.03320312499997868e-01 1.37078367712168510e+04 7.41453465401219364e+03 2.11223714252290447e+04 -1.56249999999995316e+03 2.37922763529758097e+00
5.03515624999997913e-01 1.37068202829917063e+04 7.41645946540276418e+03 2.11232797483944705e+04 -1.56249999999995316e+03 2.37966107547060979e+00
5.03710937499997957e-01 1.37058048620031059e+04 7.41838306311150609e+03 2.11241879251146129e+04 -1.56249999999995339e+03 2.38009436393972695e+00
5.03906249999998002e-01 1.37047905086124465e+04 7.42030544637702951e+03 2.11250959549894760e+04 -1.56249999999995316e+03 2.38052750069842123e+00
5.04101562499998046e-01 1.37037772231805320e+04 7.42222661443871584e+03 2.11260038376192460e+04 -1.56249999999995316e+03 2.38096048574031460e+00
5.04296874999998090e-01 1.37027650060675896e+04 7.42414656653671227e+03 2.11269115726043019e+04 -1.56249999999995339e+03 2.38139331905914720e+00
5.04492187499998135e-01 1.37017538576332627e+04 7.42606530191193451e+03 2.11278191595451972e+04 -1.56249999999995316e+03 2.38182600064878702e+00
5.04687499999998179e-01 1.37007437782366142e+04 7.42798281980606953e+03 2.11287265980426819e+04 -1.56249999999995316e+03 2.38225853050322600e+00
5.04882812499998224e-01 1.36997347682361251e+04 7.42989911946156644e+03 2.11296338876976915e+04 -1.56249999999995316e+03 2.38269090861658395e+00
5.05078124999998268e-01 1.36987268279897016e+04 7.43181420012164563e+03 2.11305410281113473e+04 -1.56249999999995339e+03 2.38312313498310502e+00
5.05273437499998312e-01 1.36977199578546715e+04 7.43372806103029143e+03 2.11314480188849629e+04 -1.56249999999995316e+03 2.38355520959715284e+00
5.05468749999998357e-01 1.36967141581877804e+04 7.43564070143225399e+03 2.11323548596200344e+04 -1.56249999999995316e+03 2.38398713245322247e+00
5.05664062499998401e-01 1.36957094293451992e+04 7.43755212057305107e+03 2.11332615499182502e+04 -1.56249999999995316e+03 2.38441890354593244e+00
5.05859374999998446e-01 1.36947057716825220e+04 7.43946231769896258e+03 2.11341680893814846e+04 -1.56249999999995316e+03 2.38485052287002253e+00
5.06054687499998490e-01 1.36937031855547757e+04 7.44137129205703513e+03 2.11350744776118117e+04 -1.56249999999995339e+03 2.38528199042035860e+00
5.06249999999998535e-01 1.36927016713163957e+04 7.44327904289507842e+03 2.11359807142114732e+04 -1.56249999999995316e+03 2.38571330619193045e+00
5.06445312499998579e-01 1.36917012293212611e+04 7.44518556946166609e+03 2.11368867987829290e+04 -1.56249999999995316e+03 2.38614447017985531e+00
5.06640624999998623e-01 1.36907018599226631e+04 7.44709087100613579e+03 2.11377927309287988e+04 -1.56249999999995316e+03 2.38657548237937123e+00
5.06835937499998668e-01 1.36897035634733438e+04 7.44899494677858638e+03 2.11386985102519320e+04 -1.56249999999995316e+03 2.38700634278583923e+00
5.07031249999998712e-01 1.36887063403254397e+04 7.45089779602987983e+03 2.11396041363553195e+04 -1.56249999999995293e+03 2.38743705139474827e+00
5.07226562499998757e-01 1.36877101908305431e+04 7.45279941801164023e+03 2.11405096088421851e+04 -1.56249999999995316e+03 2.38786760820170851e+00
5.07421874999998801e-01 1.36867151153396662e+04 7.45469981197625020e+03 2.11414149273159164e+04 -1.56249999999995316e+03 2.38829801320245450e+00
5.07617187499998845e-01 1.36857211142032556e+04 7.45659897717685999e+03 2.11423200913801156e+04 -1.56249999999995293e+03 2.38872826639284463e+00
5.07812499999998890e-01 1.36847281877711885e+04 7.45849691286737470e+03 2.11432251006385632e+04 -1.56249999999995316e+03 2.38915836776886037e+00
5.08007812499998934e-01 1.36837363363927689e+04 7.46039361830245889e+03 2.11441299546952287e+04 -1.56249999999995316e+03 2.38958831732660704e+00
5.08203124999998979e-01 1.36827455604167444e+04 7.46228909273754107e+03 2.11450346531542855e+04 -1.56249999999995316e+03 2.39001811506231299e+00
5.08398437499999023e-01 1.36817558601912824e+04 7.46418333542880646e+03 2.11459391956200889e+04 -1.56249999999995271e+03 2.39044776097233225e+00
5.08593749999999067e-01 1.36807672360640008e+04 7.46607634563319880e+03 2.11468435816971978e+04 -1.56249999999995316e+03 2.39087725505313831e+00
5.08789062499999112e-01 1.36797796883819410e+04 7.46796812260841943e+03 2.11477478109903604e+04 -1.56249999999995293e+03 2.39130659730132944e+00
5.08984374999999156e-01 1.36787932174915804e+04 7.46985866561293005e+03 2.11486518831045105e+04 -1.56249999999995316e+03 2.39173578771362738e+00
5.09179687499999201e-01 1.36778078237388454e+04 7.47174797390594722e+03 2.11495557976447926e+04 -1.56249999999995316e+03 2.39216482628687865e+00
5.09374999999999245e-01 1.36768235074690856e+04 7.47363604674744602e+03 2.11504595542165334e+04 -1.56249999999995316e+03 2.39259371301804835e+00
5.09570312499999289e-01 1.36758402690270905e+04 7.47552288339815823e+03 2.11513631524252487e+04 -1.56249999999995316e+03 2.39302244790422636e+00
5.09765624999999334e-01 1.36748581087570983e+04 7.47740848311956961e+03 2.11522665918766688e+04 -1.56249999999995293e+03 2.39345103094262424e+00
5.09960937499999378e-01 1.36738770270027871e+04 7.47929284517392352e+03 2.11531698721767098e+04 -1.56249999999995316e+03 2.39387946213058189e+00
5.10156249999999423e-01 1.36728970241072602e+04 7.48117596882421640e+03 2.11540729929314766e+04 -1.56249999999995339e+03 2.39430774146555114e+00
5.10351562499999467e-01 1.36719181004130714e+04 7.48305785333420317e+03 2.11549759537472746e+04 -1.56249999999995293e+03 2.39473586894511525e+00
5.10546874999999512e-01 1.36709402562622236e+04 7.48493849796838731e+03 2.11558787542306090e+04 -1.56249999999995293e+03 2.39516384456697740e+00
5.10742187499999556e-01 1.36699634919961482e+04 7.48681790199203351e+03 2.11567813939881817e+04 -1.56249999999995316e+03 2.39559166832895931e+00
5.10937499999999600e-01 1.36689878079557384e+04 7.48869606467115318e+03 2.11576838726268907e+04 -1.56249999999995293e+03 2.39601934022901109e+00
5.11132812499999645e-01 1.36680132044813072e+04 7.49057298527251442e+03 2.11585861897538198e+04 -1.56249999999995316e+03 2.39644686026519738e+00
5.11328124999999689e-01 1.36670396819126290e+04 7.49244866306363474e+03 2.11594883449762638e+04 -1.56249999999995293e+03 2.39687422843571296e+00
5.11523437499999734e-01 1.36660672405889272e+04 7.49432309731278838e+03 2.11603903379017138e+04 -1.56249999999995316e+03 2.39730144473886719e+00
5.11718749999999778e-01 1.36650958808488667e+04 7.49619628728899806e+03 2.11612921681378648e+04 -1.56249999999995316e+03 2.39772850917309599e+00
5.11914062499999822e-01 1.36641256030305485e+04 7.49806823226203687e+03 2.11621938352925863e+04 -1.56249999999995316e+03 2.39815542173695428e+00
5.12109374999999867e-01 1.36631564074715370e+04 7.49993893150243184e+03 2.11630953389739698e+04 -1.56249999999995339e+03 2.39858218242912002e+00
5.12304687499999911e-01 1.36621882945088364e+04 7.50180838428145671e+03 2.11639966787902922e+04 -1.56249999999995316e+03 2.39900879124839195e+00
5.12499999999999956e-01 1.36612212644789088e+04 7.50367658987113828e+03 2.11648978543500489e+04 -1.56249999999995316e+03 2.39943524819368958e+00
5.12695312500000000e-01 1.36602553177176542e+04 7.50554354754425185e+03 2.11657988652619060e+04 -1.56249999999995293e+03 2.39986155326405548e+00
5.12890625000000044e-01 1.36592904545604324e+04 7.50740925657432217e+03 2.11666997111347555e+04 -1.56249999999995316e+03 2.40028770645865031e+00
5.13085937500000089e-01 1.36583266753420539e+04 7.50927371623561885e+03 2.11676003915776746e+04 -1.56249999999995316e+03 2.40071370777675996e+00
5.13281250000000133e-01 1.36573639803967744e+04 7.51113692580316547e+03 2.11685009061999408e+04 -1.56249999999995316e+03 2.40113955721778893e+00
5.13476562500000178e-01 1.36564023700583184e+04 7.51299888455272958e+03 2.11694012546110462e+04 -1.56249999999995339e+03 2.40156525478126159e+00
5.13671875000000222e-01 1.36554418446598484e+04 7.51485959176082724e+03 2.11703014364206756e+04 -1.56249999999995316e+03 2.40199080046682489e+00
5.13867187500000266e-01 1.36544824045339810e+04 7.51671904670472213e+03 2.11712014512387032e+04 -1.56249999999995316e+03 2.40241619427424657e+00
5.14062500000000311e-01 1.36535240500128039e+04 7.51857724866242097e+03 2.11721012986752248e+04 -1.56249999999995316e+03 2.40284143620341251e+00
5.14257812500000355e-01 1.36525667814278477e+04 7.52043419691268173e+03 2.11730009783405294e+04 -1.56249999999995316e+03 2.40326652625433423e+00
5.14453125000000400e-01 1.36516105991100958e+04 7.52228989073500452e+03 2.11739004898451021e+04 -1.56249999999995316e+03 2.40369146442713966e+00
5.14648437500000444e-01 1.36506555033900077e+04 7.52414432940963434e+03 2.11747998327996429e+04 -1.56249999999995316e+03 2.40411625072207658e+00
5.14843750000000488e-01 1.36497014945974788e+04 7.52599751221756378e+03 2.11756990068150408e+04 -1.56249999999995316e+03 2.40454088513951492e+00
5.15039062500000533e-01 1.36487485730618810e+04 7.52784943844052577e+03 2.11765980115024067e+04 -1.56249999999995316e+03 2.40496536767994495e+00
5.15234375000000577e-01 1.36477967391120383e+04 7.52970010736100176e+03 2.11774968464730409e+04 -1.56249999999995316e+03 2.40538969834397554e+00
5.15429687500000622e-01 1.36468459930762292e+04 7.53154951826221168e+03 2.11783955113384400e+04 -1.56249999999995362e+03 2.40581387713233541e+00
5.15625000000000666e-01 1.36458963352822066e+04 7.53339767042812309e+03 2.11792940057103297e+04 -1.56249999999995316e+03 2.40623790404587723e+00
5.15820312500000711e-01 1.36449477660571720e+04 7.53524456314344388e+03 2.11801923292006177e+04 -1.56249999999995316e+03 2.40666177908556733e+00
5.16015625000000755e-01 1.36440002857277996e+04 7.53709019569362317e+03 2.11810904814214227e+04 -1.56249999999995316e+03 2.40708550225249729e+00
5.16210937500000799e-01 1.36430538946202196e+04 7.53893456736485405e+03 2.11819884619850745e+04 -1.56249999999995339e+03 2.40750907354787413e+00
5.16406250000000844e-01 1.36421085930600329e+04 7.54077767744406992e+03 2.11828862705041029e+04 -1.56249999999995316e+03 2.40793249297302703e+00
5.16601562500000888e-01 1.36411643813722931e+04 7.54261952521894545e+03 2.11837839065912376e+04 -1.56249999999995339e+03 2.40835576052940237e+00
5.16796875000000933e-01 1.36402212598815368e+04 7.54446010997789381e+03 2.11846813698594306e+04 -1.56249999999995316e+03 2.40877887621856868e+00
5.16992187500000977e-01 1.36392792289117551e+04 7.54629943101007302e+03 2.11855786599218263e+04 -1.56249999999995316e+03 2.40920184004221172e+00
5.17187500000001021e-01 1.36383382887864027e+04 7.54813748760537419e+03 2.11864757763917769e+04 -1.56249999999995316e+03 2.40962465200213805e+00
5.17382812500001066e-01 1.36373984398284101e+04 7.54997427905443419e+03 2.11873727188828452e+04 -1.56249999999995339e+03 2.41004731210027057e+00
5.17578125000001110e-01 1.36364596823601714e+04 7.55180980464862478e+03 2.11882694870087944e+04 -1.56249999999995316e+03 2.41046982033865342e+00
5.17773437500001155e-01 1.36355220167035550e+04 7.55364406368005621e+03 2.11891660803836130e+04 -1.56249999999995316e+03 2.41089217671945111e+00
5.17968750000001199e-01 1.36345854431798871e+04 7.55547705544157907e+03 2.11900624986214680e+04 -1.56249999999995316e+03 2.41131438124494180e+00
5.18164062500001243e-01 1.36336499621099774e+04 7.55730877922677792e+03 2.11909587413367553e+04 -1.56249999999995316e+03 2.41173643391752712e+00
5.18359375000001288e-01 1.36327155738141046e+04 7.55913923432997944e+03 2.11918548081440822e+04 -1.56249999999995316e+03 2.41215833473972729e+00
5.18554687500001332e-01 1.36317822786120105e+04 7.56096842004624159e+03 2.11927506986582521e+04 -1.56249999999995316e+03 2.41258008371417665e+00
5.18750000000001377e-01 1.36308500768229169e+04 7.56279633567136352e+03 2.11936464124942795e+04 -1.56249999999995316e+03 2.41300168084363209e+00
5.18945312500001421e-01 1.36299189687655144e+04 7.56462298050187746e+03 2.11945419492673900e+04 -1.56249999999995316e+03 2.41342312613096910e+00
5.19140625000001465e-01 1.36289889547579751e+04 7.56644835383505051e+03 2.11954373085930274e+04 -1.56249999999995316e+03 2.41384441957917772e+00
5.19335937500001510e-01 1.36280600351179328e+04 7.56827245496888736e+03 2.11963324900868211e+04 -1.56249999999995316e+03 2.41426556119137015e+00
5.19531250000001554e-01 1.36271322101625119e+04 7.57009528320212576e+03 2.11972274933646368e+04 -1.56249999999995316e+03 2.41468655097077400e+00
5.19726562500001599e-01 1.36262054802083057e+04 7.57191683783423832e+03 2.11981223180425441e+04 -1.56249999999995316e+03 2.41510738892073773e+00
5.19921875000001643e-01 1.36252798455713710e+04 7.57373711816543164e+03 2.11990169637368017e+04 -1.56249999999995316e+03 2.41552807504472344e+00
5.20117187500001688e-01 1.36243553065672695e+04 7.57555612349664443e+03 2.11999114300639121e+04 -1.56249999999995339e+03 2.41594860934631495e+00
5.20312500000001732e-01 1.36234318635110230e+04 7.57737385312955121e+03 2.12008057166405742e+04 -1.56249999999995316e+03 2.41636899182921017e+00
5.20507812500001776e-01 1.36225095167171257e+04 7.57919030636655407e+03 2.12016998230836798e+04 -1.56249999999995316e+03 2.41678922249723094e+00
5.20703125000001821e-01 1.36215882664995734e+04 7.58100548251079363e+03 2.12025937490103679e+04 -1.56249999999995339e+03 2.41720930135431056e+00
5.20898437500001865e-01 1.36206681131718215e+04 7.58281938086613809e+03 2.12034874940379596e+04 -1.56249999999995316e+03 2.41762922840450045e+00
5.21093750000001910e-01 1.36197490570468217e+04 7.58463200073718872e+03 2.12043810577840122e+04 -1.56249999999995316e+03 2.41804900365197151e+00
5.21289062500001954e-01 1.36188310984369946e+04 7.58644334142927619e+03 2.12052744398662689e+04 -1.56249999999995316e+03 2.41846862710101318e+00
5.21484375000001998e-01 1.36179142376542513e+04 7.58825340224846423e+03 2.12061676399027165e+04 -1.56249999999995316e+03 2.41888809875602817e+00
5.21679687500002043e-01 1.36169984750099811e+04 7.59006218250154416e+03 2.12070606575115235e+04 -1.56249999999995339e+03 2.41930741862153909e+00
5.21875000000002087e-01 1.36160838108150620e+04 7.59186968149603854e+03 2.12079534923110987e+04 -1.56249999999995316e+03 2.41972658670218399e+00
5.22070312500002132e-01 1.36151702453798553e+04 7.59367589854020116e+03 2.12088461439200546e+04 -1.56249999999995316e+03 2.42014560300271953e+00
5.22265625000002176e-01 1.36142577790142004e+04 7.59548083294300886e+03 2.12097386119572111e+04 -1.56249999999995339e+03 2.42056446752801735e+00
5.22460937500002220e-01 1.36133464120274330e+04 7.59728448401417336e+03 2.12106308960416063e+04 -1.56249999999995339e+03 2.42098318028306769e+00
5.22656250000002265e-01 1.36124361447283663e+04 7.59908685106413031e+03 2.12115229957924967e+04 -1.56249999999995316e+03 2.42140174127297580e+00
5.22851562500002309e-01 1.36115269774253138e+04 7.60088793340404663e+03 2.12124149108293605e+04 -1.56249999999995362e+03 2.42182015050296418e+00
5.23046875000002354e-01 1.36106189104260520e+04 7.60268773034581500e+03 2.12133066407718652e+04 -1.56249999999995316e+03 2.42223840797837342e+00
5.23242187500002398e-01 1.36097119440378792e+04 7.60448624120205386e+03 2.12141981852399331e+04 -1.56249999999995362e+03 2.42265651370465696e+00
5.23437500000002442e-01 1.36088060785675571e+04 7.60628346528610746e+03 2.12150895438536645e+04 -1.56249999999995316e+03 2.42307446768738943e+00
5.23632812500002487e-01 1.36079013143213451e+04 7.60807940191205125e+03 2.12159807162333964e+04 -1.56249999999995362e+03 2.42349226993225653e+00
5.23828125000002531e-01 1.36069976516049974e+04 7.60987405039468013e+03 2.12168717019996766e+04 -1.56249999999995339e+03 2.42390992044506337e+00
5.24023437500002576e-01 1.36060950907237566e+04 7.61166741004951928e+03 2.12177625007732750e+04 -1.56249999999995316e+03 2.42432741923172923e+00
5.24218750000002620e-01 1.36051936319823562e+04 7.61345948019281605e+03 2.12186531121751723e+04 -1.56249999999995362e+03 2.42474476629829239e+00
5.24414062500002665e-01 1.36042932756850205e+04 7.61525026014154355e+03 2.12195435358265640e+04 -1.56249999999995362e+03 2.42516196165090170e+00
5.24609375000002709e-01 1.36033940221354751e+04 7.61703974921339795e+03 2.12204337713488712e+04 -1.56249999999995384e+03 2.42557900529582682e+00
5.24804687500002753e-01 1.36024958716369292e+04 7.61882794672680029e+03 2.12213238183637295e+04 -1.56249999999995384e+03 2.42599589723945286e+00
5.25000000000002798e-01 1.36015988244920954e+04 7.62061485200089646e+03 2.12222136764929928e+04 -1.56249999999995362e+03 2.42641263748827685e+00
